Matrices Elementales
 ===============
elemento 0, fe =3.735487e+09
[[ 0.93207882  0.12108767 -0.80179331  0.16016208 -0.13028552 -0.28124975]
 [ 0.12108767  0.35936899  0.20561271 -0.14971359 -0.32670038 -0.2096554 ]
 [-0.80179331  0.20561271  1.         -0.44455837 -0.19820669  0.23894567]
 [ 0.16016208 -0.14971359 -0.44455837  0.86713236  0.28439629 -0.71741876]
 [-0.13028552 -0.32670038 -0.19820669  0.28439629  0.32849221  0.04230408]
 [-0.28124975 -0.2096554   0.23894567 -0.71741876  0.04230408  0.92707416]]

elemento 1, fe =4.056463e+09
[[ 0.38962225  0.15234821 -0.3799648  -0.36059027 -0.00965746  0.20824206]
 [ 0.15234821  0.96785529 -0.31873601 -0.50199282  0.1663878  -0.46586246]
 [-0.3799648  -0.31873601  1.          0.27147284 -0.6200352   0.04726317]
 [-0.36059027 -0.50199282  0.27147284  0.51376049  0.08911742 -0.01176766]
 [-0.00965746  0.1663878  -0.6200352   0.08911742  0.62969266 -0.25550523]
 [ 0.20824206 -0.46586246  0.04726317 -0.01176766 -0.25550523  0.47763013]]

elemento 2, fe =3.857199e+09
[[ 1.          0.25202326 -0.80580823  0.02913171 -0.19419177 -0.28115497]
 [ 0.25202326  0.48970165  0.07314816 -0.09509004 -0.32517142 -0.39461162]
 [-0.80580823  0.07314816  0.92056964 -0.31442292 -0.11476141  0.24127476]
 [ 0.02913171 -0.09509004 -0.31442292  0.57235839  0.28529121 -0.47726835]
 [-0.19419177 -0.32517142 -0.11476141  0.28529121  0.30895318  0.03988021]
 [-0.28115497 -0.39461162  0.24127476 -0.47726835  0.03988021  0.87187997]]

elemento 3, fe =3.742376e+09
[[ 1.          0.11560288 -0.82233972  0.17053375 -0.17766028 -0.28613662]
 [ 0.11560288  0.37807033  0.2159007  -0.16929938 -0.33150358 -0.20877095]
 [-0.82233972  0.2159007   0.96438511 -0.42926609 -0.1420454   0.21336539]
 [ 0.17053375 -0.16929938 -0.42926609  0.83795198  0.25873234 -0.6686526 ]
 [-0.17766028 -0.33150358 -0.1420454   0.25873234  0.31970568  0.07277124]
 [-0.28613662 -0.20877095  0.21336539 -0.6686526   0.07277124  0.87742355]]

elemento 4, fe =4.046868e+09
[[ 1.         -0.39197761 -0.13311786  0.22226134 -0.86688214  0.16971627]
 [-0.39197761  0.72528769  0.26421483 -0.5405591   0.12776279 -0.18472859]
 [-0.13311786  0.26421483  0.26413369  0.03877583 -0.13101583 -0.30299065]
 [ 0.22226134 -0.5405591   0.03877583  0.74262596 -0.26103717 -0.20206686]
 [-0.86688214  0.12776279 -0.13101583 -0.26103717  0.99789798  0.13327438]
 [ 0.16971627 -0.18472859 -0.30299065 -0.20206686  0.13327438  0.38679545]]

elemento 5, fe =4.219462e+09
[[ 0.95044397 -0.28648996 -0.39867969  0.31870974 -0.55176428 -0.03221978]
 [-0.28648996  0.52802868  0.35894715 -0.54896434 -0.07245719  0.02093567]
 [-0.39867969  0.35894715  0.4057181  -0.16195997 -0.00703841 -0.19698718]
 [ 0.31870974 -0.54896434 -0.16195997  1.         -0.15674977 -0.45103566]
 [-0.55176428 -0.07245719 -0.00703841 -0.15674977  0.55880269  0.22920696]
 [-0.03221978  0.02093567 -0.19698718 -0.45103566  0.22920696  0.43009999]]

elemento 6, fe =4.196369e+09
[[ 0.38804477 -0.17754054  0.01054816 -0.17061626 -0.39859294  0.3481568 ]
 [-0.17754054  0.89150309 -0.13015743 -0.47556248  0.30769796 -0.41594061]
 [ 0.01054816 -0.13015743  0.5908589   0.26215737 -0.60140706 -0.13199994]
 [-0.17061626 -0.47556248  0.26215737  0.51074205 -0.0915411  -0.03517957]
 [-0.39859294  0.30769796 -0.60140706 -0.0915411   1.         -0.21615686]
 [ 0.3481568  -0.41594061 -0.13199994 -0.03517957 -0.21615686  0.45112018]]

elemento 7, fe =4.365048e+09
[[ 0.35431148  0.04552284 -0.14278684 -0.28360139 -0.21152465  0.23807856]
 [ 0.04552284  1.         -0.24470601 -0.26806886  0.19918317 -0.73193114]
 [-0.14278684 -0.24470601  0.6553194   0.12870976 -0.51253257  0.11599625]
 [-0.28360139 -0.26806886  0.12870976  0.28366002  0.15489164 -0.01559116]
 [-0.21152465  0.19918317 -0.51253257  0.15489164  0.72405721 -0.35407481]
 [ 0.23807856 -0.73193114  0.11599625 -0.01559116 -0.35407481  0.7475223 ]]

elemento 8, fe =5.865414e+09
[[ 1.         -0.19449515 -0.38850383  0.23705128 -0.61149617 -0.04255613]
 [-0.19449515  0.43119622  0.26599726 -0.31952745 -0.07150212 -0.11166877]
 [-0.38850383  0.26599726  0.26823706 -0.14326548  0.12026677 -0.12273179]
 [ 0.23705128 -0.31952745 -0.14326548  0.50881621 -0.0937858  -0.18928877]
 [-0.61149617 -0.07150212  0.12026677 -0.0937858   0.49122941  0.16528792]
 [-0.04255613 -0.11166877 -0.12273179 -0.18928877  0.16528792  0.30095754]]

elemento 9, fe =5.435760e+09
[[ 0.20955245 -0.01275799 -0.22014191 -0.20398428  0.01058946  0.21674227]
 [-0.01275799  0.59710308 -0.17275034 -0.67861976  0.18550833  0.08151668]
 [-0.22014191 -0.17275034  0.88302839  0.44953301 -0.66288648 -0.27678267]
 [-0.20398428 -0.67861976  0.44953301  1.         -0.24554873 -0.32138024]
 [ 0.01058946  0.18550833 -0.66288648 -0.24554873  0.65229702  0.0600404 ]
 [ 0.21674227  0.08151668 -0.27678267 -0.32138024  0.0600404   0.23986356]]

elemento 10, fe =4.825719e+09
[[ 0.3930769   0.14277384 -0.24177355 -0.27697384 -0.15130335  0.1342    ]
 [ 0.14277384  1.         -0.24179147 -0.27004707  0.09901763 -0.72995293]
 [-0.24177355 -0.24179147  0.58956989  0.10493767 -0.34779635  0.1368538 ]
 [-0.27697384 -0.27004707  0.10493767  0.24621728  0.17203617  0.02382979]
 [-0.15130335  0.09901763 -0.34779635  0.17203617  0.4990997  -0.2710538 ]
 [ 0.1342     -0.72995293  0.1368538   0.02382979 -0.2710538   0.70612314]]

elemento 11, fe =4.602501e+09
[[ 1.          0.16663556 -0.47825744  0.13034033 -0.52174256 -0.29697589]
 [ 0.16663556  0.40906214  0.16722901 -0.0296689  -0.33386458 -0.37939323]
 [-0.47825744  0.16722901  0.4192387  -0.21217483  0.05901874  0.04494581]
 [ 0.13034033 -0.0296689  -0.21217483  0.46787211  0.0818345  -0.43820321]
 [-0.52174256 -0.33386458  0.05901874  0.0818345   0.46272382  0.25203008]
 [-0.29697589 -0.37939323  0.04494581 -0.43820321  0.25203008  0.81759644]]

elemento 12, fe =4.113153e+09
[[ 1.          0.33982848 -0.83080914 -0.09216412 -0.16919086 -0.24766436]
 [ 0.33982848  0.61863347 -0.05088672 -0.13523102 -0.28894176 -0.48340244]
 [-0.83080914 -0.05088672  0.92877909 -0.19677764 -0.09796995  0.24766436]
 [-0.09216412 -0.13523102 -0.19677764  0.41514515  0.28894176 -0.27991413]
 [-0.16919086 -0.28894176 -0.09796995  0.28894176  0.2671608   0.        ]
 [-0.24766436 -0.48340244  0.24766436 -0.27991413  0.          0.76331658]]

elemento 13, fe =4.643804e+09
[[ 0.27520142 -0.12902467  0.02155884 -0.15224595 -0.29676027  0.28127061]
 [-0.12902467  0.62110835 -0.11568535 -0.41414943  0.24471002 -0.20695892]
 [ 0.02155884 -0.11568535  0.68168089  0.29860805 -0.70323973 -0.18292269]
 [-0.15224595 -0.41414943  0.29860805  0.57744275 -0.1463621  -0.16329332]
 [-0.29676027  0.24471002 -0.70323973 -0.1463621   1.         -0.09834792]
 [ 0.28127061 -0.20695892 -0.18292269 -0.16329332 -0.09834792  0.37025224]]

elemento 14, fe =5.388816e+09
[[ 0.52085166 -0.10043291 -0.29621447  0.23312362 -0.22463719 -0.13269071]
 [-0.10043291  0.22384121  0.26462965 -0.29132969 -0.16419674  0.06748848]
 [-0.29621447  0.26462965  0.43527025 -0.19914742 -0.13905578 -0.06548223]
 [ 0.23312362 -0.29132969 -0.19914742  1.         -0.0339762  -0.70867031]
 [-0.22463719 -0.16419674 -0.13905578 -0.0339762   0.36369298  0.19817294]
 [-0.13269071  0.06748848 -0.06548223 -0.70867031  0.19817294  0.64118183]]

elemento 15, fe =4.319665e+09
[[ 0.93113368  0.27738477 -0.84549443 -0.05687387 -0.08563924 -0.2205109 ]
 [ 0.27738477  0.51242247 -0.01756985 -0.14915931 -0.25981492 -0.36326316]
 [-0.84549443 -0.01756985  1.         -0.23030315 -0.15450557  0.247873  ]
 [-0.05687387 -0.14915931 -0.23030315  0.46547791  0.28717702 -0.3163186 ]
 [-0.08563924 -0.25981492 -0.15450557  0.28717702  0.24014481 -0.0273621 ]
 [-0.2205109  -0.36326316  0.247873   -0.3163186  -0.0273621   0.67958176]]

elemento 16, fe =5.168113e+09
[[ 0.65062091 -0.05197751  0.05615347  0.19035289 -0.70677438 -0.13837539]
 [-0.05197751  0.23638769  0.22320439 -0.05045881 -0.17122688 -0.18592888]
 [ 0.05615347  0.22320439  0.23707215  0.05463258 -0.29322562 -0.27783696]
 [ 0.19035289 -0.05045881  0.05463258  0.64993645 -0.24498547 -0.59947764]
 [-0.70677438 -0.17122688 -0.29322562 -0.24498547  1.          0.41621235]
 [-0.13837539 -0.18592888 -0.27783696 -0.59947764  0.41621235  0.78540652]]

elemento 17, fe =3.856744e+09
[[ 0.87774679 -0.22296939 -0.20084244  0.2827195  -0.67690435 -0.0597501 ]
 [-0.22296939  0.43191427  0.32674114 -0.4007587  -0.10377175 -0.03115557]
 [-0.20084244  0.32674114  0.35505048 -0.0492627  -0.15420804 -0.27747845]
 [ 0.2827195  -0.4007587  -0.0492627   1.         -0.2334568  -0.5992413 ]
 [-0.67690435 -0.10377175 -0.15420804 -0.2334568   0.83111239  0.33722855]
 [-0.0597501  -0.03115557 -0.27747845 -0.5992413   0.33722855  0.63039687]]

elemento 18, fe =4.648528e+09
[[ 1.          0.22295708 -0.52382007  0.08191968 -0.47617993 -0.30487677]
 [ 0.22295708  0.45788605  0.11844312 -0.01998461 -0.3414002  -0.43790144]
 [-0.52382007  0.11844312  0.46114207 -0.20776895  0.062678    0.08932583]
 [ 0.08191968 -0.01998461 -0.20776895  0.40873485  0.12584927 -0.38875024]
 [-0.47617993 -0.3414002   0.062678    0.12584927  0.41350193  0.21555094]
 [-0.30487677 -0.43790144  0.08932583 -0.38875024  0.21555094  0.82665169]]

elemento 19, fe =3.880501e+09
[[ 0.93540509  0.17750697 -0.8169517   0.08997796 -0.11845339 -0.26748493]
 [ 0.17750697  0.39957372  0.13373011 -0.12480373 -0.31123707 -0.27476998]
 [-0.8169517   0.13373011  1.         -0.38514399 -0.1830483   0.25141389]
 [ 0.08997796 -0.12480373 -0.38514399  0.70968378  0.29516603 -0.58488005]
 [-0.11845339 -0.31123707 -0.1830483   0.29516603  0.30150169  0.01607104]
 [-0.26748493 -0.27476998  0.25141389 -0.58488005  0.01607104  0.85965003]]

elemento 20, fe =4.186637e+09
[[ 1.         -0.25546712 -0.45606925  0.32959177 -0.54393075 -0.07412466]
 [-0.25546712  0.49379432  0.37014466 -0.50492248 -0.11467754  0.01112817]
 [-0.45606925  0.37014466  0.43823428 -0.20717382  0.01783496 -0.16297084]
 [ 0.32959177 -0.50492248 -0.20717382  0.98255857 -0.12241795 -0.47763609]
 [-0.54393075 -0.11467754  0.01783496 -0.12241795  0.52609579  0.2370955 ]
 [-0.07412466  0.01112817 -0.16297084 -0.47763609  0.2370955   0.46650792]]

elemento 21, fe =4.078910e+09
[[ 0.8856865   0.30480301 -0.8019535  -0.08591232 -0.083733   -0.21889069]
 [ 0.30480301  0.55485219 -0.0442884  -0.11563243 -0.26051461 -0.43921977]
 [-0.8019535  -0.0442884   1.         -0.22625172 -0.1980465   0.27054012]
 [-0.08591232 -0.11563243 -0.22625172  0.46125426  0.31216403 -0.34562183]
 [-0.083733   -0.26051461 -0.1980465   0.31216403  0.28177949 -0.05164942]
 [-0.21889069 -0.43921977  0.27054012 -0.34562183 -0.05164942  0.7848416 ]]

elemento 22, fe =3.968797e+09
[[ 3.51651536e-01 -2.81897154e-02 -1.21093771e-01 -2.86767547e-01
  -2.30557765e-01  3.14957263e-01]
 [-2.81897154e-02  1.00000000e+00 -2.43988784e-01 -4.36948589e-01
   2.72178500e-01 -5.63051411e-01]
 [-1.21093771e-01 -2.43988784e-01  7.70270657e-01  2.44517619e-01
  -6.49176885e-01 -5.28834979e-04]
 [-2.86767547e-01 -4.36948589e-01  2.44517619e-01  4.47127227e-01
   4.22499279e-02 -1.01786384e-02]
 [-2.30557765e-01  2.72178500e-01 -6.49176885e-01  4.22499279e-02
   8.79734650e-01 -3.14428428e-01]
 [ 3.14957263e-01 -5.63051411e-01 -5.28834979e-04 -1.01786384e-02
  -3.14428428e-01  5.73230050e-01]]

elemento 23, fe =3.820772e+09
[[ 0.85690802  0.24298343 -0.7035443   0.02566888 -0.15336372 -0.26865231]
 [ 0.24298343  0.45407999  0.07010498 -0.03260563 -0.31308841 -0.42147435]
 [-0.7035443   0.07010498  0.90022957 -0.33390051 -0.19668527  0.26379553]
 [ 0.02566888 -0.03260563 -0.33390051  0.61113128  0.30823163 -0.57852565]
 [-0.15336372 -0.31308841 -0.19668527  0.30823163  0.35004899  0.00485678]
 [-0.26865231 -0.42147435  0.26379553 -0.57852565  0.00485678  1.        ]]

elemento 24, fe =4.002558e+09
[[ 0.95658986  0.29872908 -0.83945849 -0.05652524 -0.11713137 -0.24220384]
 [ 0.29872908  0.54740603 -0.01410731 -0.12272236 -0.28462177 -0.42468366]
 [-0.83945849 -0.01410731  1.         -0.25030161 -0.16054151  0.26440893]
 [-0.05652524 -0.12272236 -0.25030161  0.48768203  0.30682686 -0.36495966]
 [-0.11713137 -0.28462177 -0.16054151  0.30682686  0.27767288 -0.02220508]
 [-0.24220384 -0.42468366  0.26440893 -0.36495966 -0.02220508  0.78964332]]

elemento 25, fe =4.031612e+09
[[ 0.35245187  0.03434205 -0.14913559 -0.30497698 -0.20331628  0.27063493]
 [ 0.03434205  1.         -0.26286474 -0.31234799  0.22852269 -0.68765201]
 [-0.14913559 -0.26286474  0.7675464   0.16548726 -0.61841081  0.09737747]
 [-0.30497698 -0.31234799  0.16548726  0.34584301  0.13948972 -0.03349502]
 [-0.20331628  0.22852269 -0.61841081  0.13948972  0.82172709 -0.36801241]
 [ 0.27063493 -0.68765201  0.09737747 -0.03349502 -0.36801241  0.72114702]]

elemento 26, fe =3.579894e+09
[[ 0.97843811 -0.27425533 -0.16639715  0.28804986 -0.81204096 -0.01379453]
 [-0.27425533  0.51412808  0.3354759  -0.44635857 -0.06122057 -0.06776951]
 [-0.16639715  0.3354759   0.35012957 -0.00789831 -0.18373243 -0.32757759]
 [ 0.28804986 -0.44635857 -0.00789831  1.         -0.28015155 -0.55364143]
 [-0.81204096 -0.06122057 -0.18373243 -0.28015155  0.99577339  0.34137212]
 [-0.01379453 -0.06776951 -0.32757759 -0.55364143  0.34137212  0.62141093]]

elemento 27, fe =4.267995e+09
[[ 0.61075734  0.31281524 -0.48606291 -0.17533919 -0.12469443 -0.13747605]
 [ 0.31281524  0.70253629 -0.13555934 -0.00899818 -0.17725591 -0.69353811]
 [-0.48606291 -0.13555934  0.74955845 -0.13648148 -0.26349555  0.27204082]
 [-0.17533919 -0.00899818 -0.13648148  0.31546007  0.31182068 -0.30646189]
 [-0.12469443 -0.17725591 -0.26349555  0.31182068  0.38818998 -0.13456477]
 [-0.13747605 -0.69353811  0.27204082 -0.30646189 -0.13456477  1.        ]]

elemento 28, fe =3.830645e+09
[[ 0.31935936 -0.07163563 -0.10878128 -0.26074001 -0.21057808  0.33237565]
 [-0.07163563  0.87756132 -0.21641844 -0.56734628  0.28805407 -0.31021504]
 [-0.10878128 -0.21641844  0.8982032   0.36400769 -0.78942192 -0.14758925]
 [-0.26074001 -0.56734628  0.36400769  0.68017815 -0.10326768 -0.11283187]
 [-0.21057808  0.28805407 -0.78942192 -0.10326768  1.         -0.1847864 ]
 [ 0.33237565 -0.31021504 -0.14758925 -0.11283187 -0.1847864   0.4230469 ]]

elemento 29, fe =3.967861e+09
[[ 0.85437989  0.2028076  -0.62125812  0.08195764 -0.23312177 -0.28476524]
 [ 0.2028076   0.40418001  0.12474649 -0.01965952 -0.32755409 -0.38452049]
 [-0.62125812  0.12474649  0.75175653 -0.32875136 -0.13049841  0.20400487]
 [ 0.08195764 -0.01965952 -0.32875136  0.63513904  0.24679373 -0.61547951]
 [-0.23312177 -0.32755409 -0.13049841  0.24679373  0.36362017  0.08076036]
 [-0.28476524 -0.38452049  0.20400487 -0.61547951  0.08076036  1.        ]]

elemento 30, fe =4.293229e+09
[[ 1.         -0.1035232  -0.25839719  0.25942092 -0.74160281 -0.15589772]
 [-0.1035232   0.37245969  0.29896696 -0.20677872 -0.19544376 -0.16568097]
 [-0.25839719  0.29896696  0.28571363 -0.11470787 -0.02731644 -0.18425909]
 [ 0.25942092 -0.20677872 -0.11470787  0.70263163 -0.14471305 -0.49585291]
 [-0.74160281 -0.19544376 -0.02731644 -0.14471305  0.76891925  0.34015681]
 [-0.15589772 -0.16568097 -0.18425909 -0.49585291  0.34015681  0.66153388]]

elemento 31, fe =4.559564e+09
[[ 0.73121014  0.31715793 -0.48087952 -0.07866589 -0.25033061 -0.23849205]
 [ 0.31715793  0.6100375  -0.04142982  0.03488425 -0.27572811 -0.64492175]
 [-0.48087952 -0.04142982  0.58171862 -0.17333609 -0.10083909  0.21476591]
 [-0.07866589  0.03488425 -0.17333609  0.320194    0.25200198 -0.35507825]
 [-0.25033061 -0.27572811 -0.10083909  0.25200198  0.35116971  0.02372613]
 [-0.23849205 -0.64492175  0.21476591 -0.35507825  0.02372613  1.        ]]

elemento 32, fe =5.378934e+09
[[ 0.60227679  0.10197173 -0.15351959  0.15340381 -0.4487572  -0.25537554]
 [ 0.10197173  0.24754923  0.18496772  0.08119069 -0.28693945 -0.32873992]
 [-0.15351959  0.18496772  0.27071864 -0.13208596 -0.11719905 -0.05288177]
 [ 0.15340381  0.08119069 -0.13208596  0.59006939 -0.02131785 -0.67126008]
 [-0.4487572  -0.28693945 -0.11719905 -0.02131785  0.56595626  0.30825731]
 [-0.25537554 -0.32873992 -0.05288177 -0.67126008  0.30825731  1.        ]]

elemento 33, fe =4.658824e+09
[[ 0.76517455  0.0770153  -0.18815186  0.19570897 -0.57702269 -0.27272427]
 [ 0.0770153   0.28404808  0.23215169  0.02918982 -0.30916699 -0.31323789]
 [-0.18815186  0.23215169  0.28925586 -0.13432217 -0.101104   -0.09782952]
 [ 0.19570897  0.02918982 -0.13432217  0.65757229 -0.0613868  -0.68676211]
 [-0.57702269 -0.30916699 -0.101104   -0.0613868   0.67812669  0.37055379]
 [-0.27272427 -0.31323789 -0.09782952 -0.68676211  0.37055379  1.        ]]

elemento 34, fe =4.080992e+09
[[ 0.74797951  0.38078219 -0.56623338 -0.20743438 -0.18174613 -0.17334781]
 [ 0.38078219  0.84706169 -0.1658317  -0.06940362 -0.21495049 -0.77765806]
 [-0.56623338 -0.1658317   0.75260065 -0.10056587 -0.18636727  0.26639757]
 [-0.20743438 -0.06940362 -0.10056587  0.29174556  0.30800025 -0.22234194]
 [-0.18174613 -0.21495049 -0.18636727  0.30800025  0.3681134  -0.09304976]
 [-0.17334781 -0.77765806  0.26639757 -0.22234194 -0.09304976  1.        ]]

elemento 35, fe =4.132803e+09
[[ 0.350465   -0.01496149 -0.18156279 -0.27900945 -0.1689022   0.29397094]
 [-0.01496149  1.         -0.23792831 -0.56541434  0.2528898  -0.43458566]
 [-0.18156279 -0.23792831  0.76822904  0.3006021  -0.58666624 -0.06267379]
 [-0.27900945 -0.56541434  0.3006021   0.55596572 -0.02159265  0.00944862]
 [-0.1689022   0.2528898  -0.58666624 -0.02159265  0.75556845 -0.23129715]
 [ 0.29397094 -0.43458566 -0.06267379  0.00944862 -0.23129715  0.42513703]]

elemento 36, fe =5.907787e+09
[[ 0.37545878 -0.20154378  0.13427993 -0.04673875 -0.50973872  0.24828253]
 [-0.20154378  0.50201814 -0.01800037 -0.23697452  0.21954415 -0.26504362]
 [ 0.13427993 -0.01800037  0.35598135  0.16793498 -0.49026128 -0.14993462]
 [-0.04673875 -0.23697452  0.16793498  0.34218315 -0.12119624 -0.10520863]
 [-0.50973872  0.21954415 -0.49026128 -0.12119624  1.         -0.09834792]
 [ 0.24828253 -0.26504362 -0.14993462 -0.10520863 -0.09834792  0.37025224]]

elemento 37, fe =4.123713e+09
[[ 0.80222358 -0.07943312 -0.05061961  0.24765931 -0.75160397 -0.16822619]
 [-0.07943312  0.29724847  0.28883099 -0.12882602 -0.20939787 -0.16842244]
 [-0.05061961  0.28883099  0.29901564 -0.00424468 -0.24839603 -0.28458631]
 [ 0.24765931 -0.12882602 -0.00424468  0.85420524 -0.24341463 -0.72537922]
 [-0.75160397 -0.20939787 -0.24839603 -0.24341463  1.          0.4528125 ]
 [-0.16822619 -0.16842244 -0.28458631 -0.72537922  0.4528125   0.89380166]]

elemento 38, fe =4.134730e+09
[[ 0.8139215  -0.31347698 -0.2218523   0.25523528 -0.59206921  0.05824169]
 [-0.31347698  0.57762689  0.29629727 -0.58444396  0.01717971  0.00681708]
 [-0.2218523   0.29629727  0.35048906 -0.01534363 -0.12863676 -0.28095364]
 [ 0.25523528 -0.58444396 -0.01534363  1.         -0.23989165 -0.41555604]
 [-0.59206921  0.01717971 -0.12863676 -0.23989165  0.72070597  0.22271194]
 [ 0.05824169  0.00681708 -0.28095364 -0.41555604  0.22271194  0.40873896]]

elemento 39, fe =3.722988e+09
[[ 0.87118072 -0.4458409  -0.18388482  0.17906071 -0.6872959   0.26678019]
 [-0.4458409   1.          0.22466392 -0.84120642  0.22117698 -0.15879358]
 [-0.18388482  0.22466392  0.37301682  0.10568108 -0.189132   -0.330345  ]
 [ 0.17906071 -0.84120642  0.10568108  0.99877968 -0.28474179 -0.15757326]
 [-0.6872959   0.22117698 -0.189132   -0.28474179  0.8764279   0.06356481]
 [ 0.26678019 -0.15879358 -0.330345   -0.15757326  0.06356481  0.31636683]]

elemento 40, fe =4.246624e+09
[[ 0.80401065 -0.18134977 -0.30241864  0.28517768 -0.50159201 -0.10382791]
 [-0.18134977  0.37027786  0.32515773 -0.38275486 -0.14380795  0.012477  ]
 [-0.30241864  0.32515773  0.39207641 -0.14113474 -0.08965778 -0.18402299]
 [ 0.28517768 -0.38275486 -0.14113474  1.         -0.14404294 -0.61724514]
 [-0.50159201 -0.14380795 -0.08965778 -0.14404294  0.59124979  0.2878509 ]
 [-0.10382791  0.012477   -0.18402299 -0.61724514  0.2878509   0.60476815]]

elemento 41, fe =4.262814e+09
[[ 0.58447567  0.24150468 -0.53600787 -0.07079264 -0.0484678  -0.17071204]
 [ 0.24150468  0.45442464 -0.03096444  0.02759677 -0.21054024 -0.48202142]
 [-0.53600787 -0.03096444  0.87152376 -0.26679378 -0.3355159   0.29775822]
 [-0.07079264  0.02759677 -0.26679378  0.49038181  0.33758642 -0.51797858]
 [-0.0484678  -0.21054024 -0.3355159   0.33758642  0.3839837  -0.12704618]
 [-0.17071204 -0.48202142  0.29775822 -0.51797858 -0.12704618  1.        ]]

elemento 42, fe =3.792310e+09
[[ 0.34238007  0.00701672 -0.24854707 -0.31827836 -0.09383299  0.31126164]
 [ 0.00701672  0.97793    -0.27350876 -0.68514496  0.26649204 -0.29278504]
 [-0.24854707 -0.27350876  1.          0.40910746 -0.75145293 -0.1355987 ]
 [-0.31827836 -0.68514496  0.40910746  0.76695473 -0.0908291  -0.08180977]
 [-0.09383299  0.26649204 -0.75145293 -0.0908291   0.84528592 -0.17566294]
 [ 0.31126164 -0.29278504 -0.1355987  -0.08180977 -0.17566294  0.37459481]]

elemento 43, fe =3.984930e+09
[[ 0.8875067  -0.32918152 -0.09165881  0.21697884 -0.79584789  0.11220268]
 [-0.32918152  0.60249421  0.25958441 -0.48889545  0.06959711 -0.11359876]
 [-0.09165881  0.25958441  0.29581092  0.06050013 -0.20415211 -0.32008454]
 [ 0.21697884 -0.48889545  0.06050013  0.81851673 -0.27747897 -0.32962129]
 [-0.79584789  0.06959711 -0.20415211 -0.27747897  1.          0.20788186]
 [ 0.11220268 -0.11359876 -0.32008454 -0.32962129  0.20788186  0.44322005]]

elemento 44, fe =4.647885e+09
[[ 0.26191415  0.03844918 -0.2740581  -0.28729677  0.01214395  0.24884759]
 [ 0.03844918  0.73638612 -0.25076828 -0.62574448  0.2123191  -0.11064164]
 [-0.2740581  -0.25076828  1.          0.41621235 -0.7259419  -0.16544407]
 [-0.28729677 -0.62574448  0.41621235  0.78540652 -0.12891558 -0.15966205]
 [ 0.01214395  0.2123191  -0.7259419  -0.12891558  0.71379796 -0.08340352]
 [ 0.24884759 -0.11064164 -0.16544407 -0.15966205 -0.08340352  0.27030368]]

elemento 45, fe =4.268459e+09
[[ 0.81176215 -0.35499248 -0.04347238  0.15559972 -0.76828977  0.19939275]
 [-0.35499248  0.68583619  0.19537525 -0.50637406  0.15961722 -0.17946212]
 [-0.04347238  0.19537525  0.27518261  0.10154457 -0.23171023 -0.29691982]
 [ 0.15559972 -0.50637406  0.10154457  0.69682482 -0.2571443  -0.19045075]
 [-0.76828977  0.15961722 -0.23171023 -0.2571443   1.          0.09752707]
 [ 0.19939275 -0.17946212 -0.29691982 -0.19045075  0.09752707  0.36991287]]

elemento 46, fe =4.000486e+09
[[ 0.31529687  0.00437065 -0.06402688 -0.29787897 -0.25126999  0.29350832]
 [ 0.00437065  0.90072235 -0.25543908 -0.16702422  0.25106843 -0.73369812]
 [-0.06402688 -0.25543908  0.81275689  0.10109505 -0.74873001  0.15434402]
 [-0.29787897 -0.16702422  0.10109505  0.31092528  0.19678392 -0.14390106]
 [-0.25126999  0.25106843 -0.74873001  0.19678392  1.         -0.44785235]
 [ 0.29350832 -0.73369812  0.15434402 -0.14390106 -0.44785235  0.87759918]]

elemento 47, fe =3.874212e+09
[[ 0.33665577  0.09073333 -0.26036517 -0.34029732 -0.0762906   0.24956399]
 [ 0.09073333  0.90759417 -0.29647416 -0.38302607  0.20574083 -0.52456811]
 [-0.26036517 -0.29647416  1.          0.22295708 -0.73963483  0.07351708]
 [-0.34029732 -0.38302607  0.22295708  0.45788605  0.11734024 -0.07485999]
 [-0.0762906   0.20574083 -0.73963483  0.11734024  0.81592542 -0.32308107]
 [ 0.24956399 -0.52456811  0.07351708 -0.07485999 -0.32308107  0.59942809]]

elemento 48, fe =3.885361e+09
[[ 1.          0.38031076 -0.83697287 -0.13519517 -0.16302713 -0.24511559]
 [ 0.38031076  0.6989723  -0.09149776 -0.13631875 -0.288813   -0.56265355]
 [-0.83697287 -0.09149776  0.96784852 -0.17834738 -0.13087565  0.26984514]
 [-0.13519517 -0.13631875 -0.17834738  0.40904016  0.31354255 -0.27272141]
 [-0.16302713 -0.288813   -0.13087565  0.31354255  0.29390279 -0.02472954]
 [-0.24511559 -0.56265355  0.26984514 -0.27272141 -0.02472954  0.83537495]]

elemento 49, fe =4.082412e+09
[[ 0.70942577  0.28750336 -0.59301555 -0.07862117 -0.11641022 -0.20888219]
 [ 0.28750336  0.53722355 -0.03703295  0.0059913  -0.25047041 -0.54321485]
 [-0.59301555 -0.03703295  0.83702713 -0.242539   -0.24401158  0.27957195]
 [-0.07862117  0.0059913  -0.242539    0.45079384  0.32116017 -0.45678515]
 [-0.11641022 -0.25047041 -0.24401158  0.32116017  0.3604218  -0.07068977]
 [-0.20888219 -0.54321485  0.27957195 -0.45678515 -0.07068977  1.        ]]

elemento 50, fe =4.279339e+09
[[ 1.         -0.14713345 -0.29162198  0.27153217 -0.70837802 -0.12439872]
 [-0.14713345  0.39579836  0.31120658 -0.27303417 -0.16407313 -0.12276419]
 [-0.29162198  0.31120658  0.30541155 -0.12500317 -0.01378957 -0.18620341]
 [ 0.27153217 -0.27303417 -0.12500317  0.74511634 -0.146529   -0.47208217]
 [-0.70837802 -0.16407313 -0.01378957 -0.146529    0.72216759  0.31060213]
 [-0.12439872 -0.12276419 -0.18620341 -0.47208217  0.31060213  0.59484636]]

elemento 51, fe =4.335581e+09
[[ 1.          0.19128579 -0.79796129  0.0663905  -0.20203871 -0.25767629]
 [ 0.19128579  0.42844988  0.10555024 -0.13963747 -0.29683602 -0.28881241]
 [-0.79796129  0.10555024  0.85143016 -0.30006854 -0.05346887  0.1945183 ]
 [ 0.0663905  -0.13963747 -0.30006854  0.54659032  0.23367804 -0.40695284]
 [-0.20203871 -0.29683602 -0.05346887  0.23367804  0.25550757  0.06315798]
 [-0.25767629 -0.28881241  0.1945183  -0.40695284  0.06315798  0.69576525]]

elemento 52, fe =4.126174e+09
[[ 0.28191455 -0.12274068 -0.07005975 -0.15317068 -0.21185481  0.27591136]
 [-0.12274068  0.66758009 -0.11202355 -0.64960113  0.23476422 -0.01797896]
 [-0.07005975 -0.11202355  0.85820494  0.43955196 -0.78814519 -0.32752841]
 [-0.15317068 -0.64960113  0.43955196  0.98716802 -0.28638128 -0.33756689]
 [-0.21185481  0.23476422 -0.78814519 -0.28638128  1.          0.05161706]
 [ 0.27591136 -0.01797896 -0.32752841 -0.33756689  0.05161706  0.35554586]]

elemento 53, fe =5.505599e+09
[[ 0.50758381 -0.26665469 -0.10469684 -0.01902788 -0.40288697  0.28568257]
 [-0.26665469  1.          0.01180986 -0.64367419  0.25484483 -0.35632581]
 [-0.10469684  0.01180986  0.28388749  0.15062662 -0.17919065 -0.16243648]
 [-0.01902788 -0.64367419  0.15062662  0.54745173 -0.13159875  0.09622246]
 [-0.40288697  0.25484483 -0.17919065 -0.13159875  0.58207761 -0.12324609]
 [ 0.28568257 -0.35632581 -0.16243648  0.09622246 -0.12324609  0.26010335]]

elemento 54, fe =4.019979e+09
[[ 0.92234892 -0.05564099 -0.10220982  0.25791028 -0.8201391  -0.20226929]
 [-0.05564099  0.32981458  0.30014439 -0.10533852 -0.2445034  -0.22447606]
 [-0.10220982  0.30014439  0.28207072 -0.04482466 -0.1798609  -0.25531973]
 [ 0.25791028 -0.10533852 -0.04482466  0.79079882 -0.21308562 -0.6854603 ]
 [-0.8201391  -0.2445034  -0.1798609  -0.21308562  1.          0.45758902]
 [-0.20226929 -0.22447606 -0.25531973 -0.6854603   0.45758902  0.90993636]]

elemento 55, fe =4.683793e+09
[[ 0.41960476 -0.19794617  0.06583501  0.07155368 -0.48543978  0.12639249]
 [-0.19794617  0.40332782  0.10780213 -0.39841878  0.09014404 -0.00490904]
 [ 0.06583501  0.10780213  0.44872521  0.23982408 -0.51456022 -0.34762621]
 [ 0.07155368 -0.39841878  0.23982408  0.84965751 -0.31137776 -0.45123873]
 [-0.48543978  0.09014404 -0.51456022 -0.31137776  1.          0.22123372]
 [ 0.12639249 -0.00490904 -0.34762621 -0.45123873  0.22123372  0.45614777]]

elemento 56, fe =3.691942e+09
[[ 1.          0.21667105 -0.81679613  0.07471212 -0.18320387 -0.29138317]
 [ 0.21667105  0.45162307  0.12069881 -0.09985637 -0.33736986 -0.3517667 ]
 [-0.81679613  0.12069881  0.96322457 -0.36831377 -0.14642844  0.24761496]
 [ 0.07471212 -0.09985637 -0.36831377  0.67764462  0.29360165 -0.57778825]
 [-0.18320387 -0.33736986 -0.14642844  0.29360165  0.32963231  0.04376821]
 [-0.29138317 -0.3517667   0.24761496 -0.57778825  0.04376821  0.92955495]]

elemento 57, fe =3.816625e+09
[[ 0.33438648 -0.09325528 -0.09491612 -0.24488909 -0.23947035  0.33814437]
 [-0.09325528  0.89735728 -0.20040471 -0.58967864  0.29365999 -0.30767864]
 [-0.09491612 -0.20040471  0.85544577  0.36496809 -0.76052965 -0.16456338]
 [-0.24488909 -0.58967864  0.36496809  0.69622361 -0.120079   -0.10654497]
 [-0.23947035  0.29365999 -0.76052965 -0.120079    1.         -0.17358099]
 [ 0.33814437 -0.30767864 -0.16456338 -0.10654497 -0.17358099  0.41422361]]

elemento 58, fe =3.920467e+09
[[ 0.90086003  0.18938329 -0.79893752  0.07045346 -0.10192251 -0.25983675]
 [ 0.18938329  0.40126136  0.11375958 -0.1100542  -0.30314287 -0.29120716]
 [-0.79893752  0.11375958  1.         -0.37359633 -0.20106248  0.25983675]
 [ 0.07045346 -0.1100542  -0.37359633  0.68451842  0.30314287 -0.57446422]
 [-0.10192251 -0.30314287 -0.20106248  0.30314287  0.30298498  0.        ]
 [-0.25983675 -0.29120716  0.25983675 -0.57446422  0.          0.86567138]]

elemento 59, fe =4.115344e+09
[[ 0.7977207  -0.28542712 -0.20325107  0.2555768  -0.59446963  0.02985032]
 [-0.28542712  0.52039984  0.29683221 -0.53114832 -0.01140509  0.01074848]
 [-0.20325107  0.29683221  0.35048896 -0.01534205 -0.14723789 -0.28149016]
 [ 0.2555768  -0.53114832 -0.01534205  1.         -0.24023475 -0.46885168]
 [-0.59446963 -0.01140509 -0.14723789 -0.24023475  0.74170751  0.25163984]
 [ 0.02985032  0.01074848 -0.28149016 -0.46885168  0.25163984  0.45810319]]

elemento 60, fe =4.529811e+09
[[ 1.          0.17450539 -0.47303887  0.12971758 -0.52696113 -0.30422297]
 [ 0.17450539  0.4149282   0.16719822 -0.01968169 -0.34170361 -0.39524651]
 [-0.47303887  0.16719822  0.42043751 -0.21382132  0.05260136  0.04662311]
 [ 0.12971758 -0.01968169 -0.21382132  0.47492339  0.08410374 -0.45524171]
 [-0.52696113 -0.34170361  0.05260136  0.08410374  0.47435978  0.25759986]
 [-0.30422297 -0.39524651  0.04662311 -0.45524171  0.25759986  0.85048822]]

elemento 61, fe =4.392296e+09
[[ 0.46175173 -0.23794777  0.04081397 -0.12742104 -0.50256571  0.36536881]
 [-0.23794777  0.94102699 -0.08876695 -0.45463747  0.32671472 -0.48638953]
 [ 0.04081397 -0.08876695  0.45662032  0.21619474 -0.49743429 -0.1274278 ]
 [-0.12742104 -0.45463747  0.21619474  0.44193702 -0.0887737   0.01270044]
 [-0.50256571  0.32671472 -0.49743429 -0.0887737   1.         -0.23794101]
 [ 0.36536881 -0.48638953 -0.1274278   0.01270044 -0.23794101  0.47368908]]

elemento 62, fe =4.413801e+09
[[ 4.94578391e-01  2.17314432e-01 -5.36127108e-01 -1.04734330e-01
   4.15487172e-02 -1.12580101e-01]
 [ 2.17314432e-01  4.20967426e-01 -6.62685650e-02  1.09827451e-05
  -1.51045867e-01 -4.20978409e-01]
 [-5.36127108e-01 -6.62685650e-02  1.00000000e+00 -2.54024734e-01
  -4.63872892e-01  3.20293299e-01]
 [-1.04734330e-01  1.09827451e-05 -2.54024734e-01  4.92071600e-01
   3.58759064e-01 -4.92082583e-01]
 [ 4.15487172e-02 -1.51045867e-01 -4.63872892e-01  3.58759064e-01
   4.22324175e-01 -2.07713197e-01]
 [-1.12580101e-01 -4.20978409e-01  3.20293299e-01 -4.92082583e-01
  -2.07713197e-01  9.13060992e-01]]

elemento 63, fe =4.188928e+09
[[ 1.         -0.18435651 -0.50189502  0.32043393 -0.49810498 -0.13607742]
 [-0.18435651  0.42269697  0.36096464 -0.41389621 -0.17660813 -0.00880076]
 [-0.50189502  0.36096464  0.48188199 -0.25315247  0.02001303 -0.10781217]
 [ 0.32043393 -0.41389621 -0.25315247  0.94936438 -0.06728146 -0.53546817]
 [-0.49810498 -0.17660813  0.02001303 -0.06728146  0.47809195  0.24388959]
 [-0.13607742 -0.00880076 -0.10781217 -0.53546817  0.24388959  0.54426893]]

elemento 64, fe =4.428883e+09
[[ 0.40330865 -0.19491705  0.04118096 -0.15753389 -0.44448961  0.35245094]
 [-0.19491705  0.88709668 -0.11919912 -0.40964955  0.31411617 -0.47744713]
 [ 0.04118096 -0.11919912  0.51432943  0.22031623 -0.55551039 -0.10111711]
 [-0.15753389 -0.40964955  0.22031623  0.42109321 -0.06278234 -0.01144366]
 [-0.44448961  0.31411617 -0.55551039 -0.06278234  1.         -0.25133383]
 [ 0.35245094 -0.47744713 -0.10111711 -0.01144366 -0.25133383  0.48889079]]

elemento 65, fe =3.849961e+09
[[ 1.         -0.45441456 -0.21426289  0.23638862 -0.78573711  0.21802594]
 [-0.45441456  0.8991533   0.28048782 -0.73371686  0.17392674 -0.16543644]
 [-0.21426289  0.28048782  0.31817218  0.03383463 -0.10390929 -0.31432245]
 [ 0.23638862 -0.73371686  0.03383463  0.90151926 -0.27022325 -0.1678024 ]
 [-0.78573711  0.17392674 -0.10390929 -0.27022325  0.88964639  0.09629651]
 [ 0.21802594 -0.16543644 -0.31432245 -0.1678024   0.09629651  0.33323885]]

elemento 66, fe =5.972515e+09
[[ 0.28084032 -0.15215071  0.12868101 -0.11451943 -0.40952132  0.26667015]
 [-0.15215071  0.5086319  -0.08609251 -0.18276759  0.23824322 -0.32586431]
 [ 0.12868101 -0.08609251  0.46179767  0.15826751 -0.59047868 -0.072175  ]
 [-0.11451943 -0.18276759  0.15826751  0.28809949 -0.04374808 -0.1053319 ]
 [-0.40952132  0.23824322 -0.59047868 -0.04374808  1.         -0.19449515]
 [ 0.26667015 -0.32586431 -0.072175   -0.1053319  -0.19449515  0.43119622]]

elemento 67, fe =5.020910e+09
[[ 1.          0.23142261 -0.64244743  0.03375617 -0.35755257 -0.26517878]
 [ 0.23142261  0.46666097  0.06757081 -0.08851744 -0.29899342 -0.37814354]
 [-0.64244743  0.06757081  0.57281883 -0.19766049  0.0696286   0.13008968]
 [ 0.03375617 -0.08851744 -0.19766049  0.35982323  0.16390431 -0.2713058 ]
 [-0.35755257 -0.29899342  0.0696286   0.16390431  0.28792396  0.1350891 ]
 [-0.26517878 -0.37814354  0.13008968 -0.2713058   0.1350891   0.64944933]]

elemento 68, fe =5.450963e+09
[[ 0.41860526 -0.15815139  0.11317267  0.08864412 -0.53177793  0.06950727]
 [-0.15815139  0.29031213  0.11979095 -0.23923322  0.03836044 -0.05107891]
 [ 0.11317267  0.11979095  0.35504939  0.19049142 -0.46822207 -0.31028237]
 [ 0.08864412 -0.23923322  0.19049142  0.66497401 -0.27913554 -0.42574079]
 [-0.53177793  0.03836044 -0.46822207 -0.27913554  1.          0.24077511]
 [ 0.06950727 -0.05107891 -0.31028237 -0.42574079  0.24077511  0.47681971]]

elemento 69, fe =4.004157e+09
[[ 0.88119373  0.35559444 -0.79340754 -0.15436241 -0.08778619 -0.20123203]
 [ 0.35559444  0.66352506 -0.11196141 -0.13544324 -0.24363302 -0.52808182]
 [-0.79340754 -0.11196141  1.         -0.16374505 -0.20659246  0.27570646]
 [-0.15436241 -0.13544324 -0.16374505  0.40698248  0.31810745 -0.27153924]
 [-0.08778619 -0.24363302 -0.20659246  0.31810745  0.29437865 -0.07447443]
 [-0.20123203 -0.52808182  0.27570646 -0.27153924 -0.07447443  0.79962106]]

elemento 70, fe =5.434516e+09
[[ 0.33279581 -0.17714037  0.11009804 -0.12445275 -0.44289386  0.30159312]
 [-0.17714037  0.63685344 -0.09321166 -0.23829409  0.27035202 -0.39855935]
 [ 0.11009804 -0.09321166  0.4470081   0.16592382 -0.55710614 -0.07271216]
 [-0.12445275 -0.23829409  0.16592382  0.30371967 -0.04147107 -0.06542558]
 [-0.44289386  0.27035202 -0.55710614 -0.04147107  1.         -0.22888095]
 [ 0.30159312 -0.39855935 -0.07271216 -0.06542558 -0.22888095  0.46398493]]

elemento 71, fe =4.768045e+09
[[ 7.68448053e-01 -3.04290039e-01  2.77267470e-04  1.42511639e-01
  -7.68725320e-01  1.61778400e-01]
 [-3.04290039e-01  5.64568595e-01  1.78119567e-01 -3.80497007e-01
   1.26170472e-01 -1.84071588e-01]
 [ 2.77267470e-04  1.78119567e-01  2.30997412e-01  9.15860376e-02
  -2.31274680e-01 -2.69705605e-01]
 [ 1.42511639e-01 -3.80497007e-01  9.15860376e-02  5.70856066e-01
  -2.34097677e-01 -1.90359059e-01]
 [-7.68725320e-01  1.26170472e-01 -2.31274680e-01 -2.34097677e-01
   1.00000000e+00  1.07927204e-01]
 [ 1.61778400e-01 -1.84071588e-01 -2.69705605e-01 -1.90359059e-01
   1.07927204e-01  3.74430647e-01]]

elemento 72, fe =5.732651e+09
[[ 0.4101503  -0.18460484  0.12590225  0.03889675 -0.53605254  0.14570809]
 [-0.18460484  0.36291886  0.0685131  -0.24850743  0.11609174 -0.11441143]
 [ 0.12590225  0.0685131   0.33804521  0.1851222  -0.46394746 -0.2536353 ]
 [ 0.03889675 -0.24850743  0.1851222   0.50852666 -0.22401895 -0.26001922]
 [-0.53605254  0.11609174 -0.46394746 -0.22401895  1.          0.1079272 ]
 [ 0.14570809 -0.11441143 -0.2536353  -0.26001922  0.1079272   0.37443065]]

elemento 73, fe =4.621137e+09
[[ 0.58165734 -0.16904876 -0.1208926   0.21941716 -0.46076474 -0.0503684 ]
 [-0.16904876  0.31397933  0.25615708 -0.3535594  -0.08710832  0.03958007]
 [-0.1208926   0.25615708  0.35001726  0.00288241 -0.22912465 -0.25903949]
 [ 0.21941716 -0.3535594   0.00288241  1.         -0.22229956 -0.6464406 ]
 [-0.46076474 -0.08710832 -0.22912465 -0.22229956  0.68988939  0.30940789]
 [-0.0503684   0.03958007 -0.25903949 -0.6464406   0.30940789  0.60686054]]

elemento 74, fe =3.635675e+09
[[ 0.74809266  0.40141188 -0.66542392 -0.31533579 -0.08266874 -0.08607609]
 [ 0.40141188  0.99859553 -0.26863739 -0.21169365 -0.13277449 -0.78690188]
 [-0.66542392 -0.26863739  1.         -0.01713979 -0.33457608  0.28577718]
 [-0.31533579 -0.21169365 -0.01713979  0.35061029  0.33247558 -0.13891664]
 [-0.08266874 -0.13277449 -0.33457608  0.33247558  0.41724482 -0.1997011 ]
 [-0.08607609 -0.78690188  0.28577718 -0.13891664 -0.1997011   0.92581852]]

elemento 75, fe =3.778479e+09
[[ 1.          0.26694128 -0.82624594  0.01224192 -0.17375406 -0.2791832 ]
 [ 0.26694128  0.50794714  0.05717541 -0.09583499 -0.32411669 -0.41211215]
 [-0.82624594  0.05717541  0.96534493 -0.31504619 -0.13909898  0.25787079]
 [ 0.01224192 -0.09583499 -0.31504619  0.57456158  0.30280427 -0.47872659]
 [-0.17375406 -0.32411669 -0.13909898  0.30280427  0.31285304  0.02131241]
 [-0.2791832  -0.41211215  0.25787079 -0.47872659  0.02131241  0.89083875]]

elemento 76, fe =3.846349e+09
[[ 0.93716037 -0.32008953 -0.24065207  0.28484309 -0.6965083   0.03524644]
 [-0.32008953  0.58267357  0.32898371 -0.55668515 -0.00889418 -0.02598842]
 [-0.24065207  0.32898371  0.35286238 -0.03710266 -0.11221031 -0.29188105]
 [ 0.28484309 -0.55668515 -0.03710266  1.         -0.24774043 -0.44331485]
 [-0.6965083  -0.00889418 -0.11221031 -0.24774043  0.80871861  0.25663462]
 [ 0.03524644 -0.02598842 -0.29188105 -0.44331485  0.25663462  0.46930327]]

elemento 77, fe =3.652395e+09
[[ 0.90394873 -0.10256201 -0.14136728  0.28843273 -0.76258144 -0.18587072]
 [-0.10256201  0.34081393  0.33491736 -0.19570134 -0.23235535 -0.14511259]
 [-0.14136728  0.33491736  0.35676761 -0.05700601 -0.21540033 -0.27791135]
 [ 0.28843273 -0.19570134 -0.05700601  1.         -0.23142672 -0.80429866]
 [-0.76258144 -0.23235535 -0.21540033 -0.23142672  0.97798177  0.46378207]
 [-0.18587072 -0.14511259 -0.27791135 -0.80429866  0.46378207  0.94941126]]

elemento 78, fe =5.610419e+09
[[ 0.39502543  0.17539057 -0.51654475 -0.12864382  0.12151932 -0.04674675]
 [ 0.17539057  0.341845   -0.09838223 -0.08423027 -0.07700834 -0.25761473]
 [-0.51654475 -0.09838223  1.         -0.14713345 -0.48345525  0.24551568]
 [-0.12864382 -0.08423027 -0.14713345  0.39579836  0.27577727 -0.31156809]
 [ 0.12151932 -0.07700834 -0.48345525  0.27577727  0.36193593 -0.19876893]
 [-0.04674675 -0.25761473  0.24551568 -0.31156809 -0.19876893  0.56918282]]

elemento 79, fe =4.075300e+09
[[ 0.37297506  0.10469334 -0.33841941 -0.34860015 -0.03455565  0.24390682]
 [ 0.10469334  1.         -0.30693937 -0.59161066  0.20224603 -0.40838934]
 [-0.33841941 -0.30693937  0.95854842  0.32574205 -0.62012902 -0.01880269]
 [-0.34860015 -0.59161066  0.32574205  0.59299013  0.0228581  -0.00137947]
 [-0.03455565  0.20224603 -0.62012902  0.0228581   0.65468467 -0.22510413]
 [ 0.24390682 -0.40838934 -0.01880269 -0.00137947 -0.22510413  0.40976882]]

elemento 80, fe =4.242533e+09
[[ 0.68130465 -0.01100675 -0.28660311  0.24462927 -0.39470154 -0.23362252]
 [-0.01100675  0.23882602  0.28464786 -0.11792242 -0.27364112 -0.1209036 ]
 [-0.28660311  0.28464786  0.44965154 -0.21538569 -0.16304843 -0.06926217]
 [ 0.24462927 -0.11792242 -0.21538569  0.99701882 -0.02924358 -0.8790964 ]
 [-0.39470154 -0.27364112 -0.16304843 -0.02924358  0.55774997  0.30288469]
 [-0.23362252 -0.1209036  -0.06926217 -0.8790964   0.30288469  1.        ]]

elemento 81, fe =5.476123e+09
[[ 0.44109434  0.20134669 -0.55364429 -0.15610043  0.11254995 -0.04524625]
 [ 0.20134669  0.39968016 -0.12509671 -0.11955085 -0.07624998 -0.2801293 ]
 [-0.55364429 -0.12509671  1.         -0.1035232  -0.44635571  0.2286199 ]
 [-0.15610043 -0.11955085 -0.1035232   0.37245969  0.25962363 -0.25290884]
 [ 0.11254995 -0.07624998 -0.44635571  0.25962363  0.33380576 -0.18337365]
