Matrices Elementales
 ===============
elemento 0, fe =1.870063e+07
[[ 0.91152594 -0.29257186 -0.11177789  0.24632736 -0.79974805  0.0462445 ]
 [-0.29257186  0.53435889  0.29039946 -0.44746333  0.0021724  -0.08689556]
 [-0.11177789  0.29039946  0.31202984  0.03433469 -0.20025195 -0.32473415]
 [ 0.24632736 -0.44746333  0.03433469  0.88358675 -0.28066206 -0.43612342]
 [-0.79974805  0.0021724  -0.20025195 -0.28066206  1.          0.27848966]
 [ 0.0462445  -0.08689556 -0.32473415 -0.43612342  0.27848966  0.52301897]]

elemento 1, fe =2.679634e+07
[[ 0.41325191  0.14374762 -0.30163273  0.03443737 -0.11161918 -0.17818499]
 [ 0.14374762  0.26171874  0.06519441  0.09783576 -0.20894203 -0.3595545 ]
 [-0.30163273  0.06519441  0.54064264 -0.26078112 -0.23900991  0.19558672]
 [ 0.03443737  0.09783576 -0.26078112  0.54260974  0.22634375 -0.6404455 ]
 [-0.11161918 -0.20894203 -0.23900991  0.22634375  0.35062909 -0.01740172]
 [-0.17818499 -0.3595545   0.19558672 -0.6404455  -0.01740172  1.        ]]

elemento 2, fe =2.739366e+07
[[ 0.44037367 -0.23501312  0.11966838 -0.03251221 -0.56004206  0.26752533]
 [-0.23501312  0.5752072  -0.00242584 -0.27720679  0.23743896 -0.29800041]
 [ 0.11966838 -0.00242584  0.32028956  0.16143397 -0.43995794 -0.15900813]
 [-0.03251221 -0.27720679  0.16143397  0.35390755 -0.12892176 -0.07670076]
 [-0.56004206  0.23743896 -0.43995794 -0.12892176  1.         -0.1085172 ]
 [ 0.26752533 -0.29800041 -0.15900813 -0.07670076 -0.1085172   0.37470117]]

elemento 3, fe =1.697626e+07
[[ 0.99645642 -0.10069527 -0.18251225  0.30435088 -0.81394417 -0.20365561]
 [-0.10069527  0.37007555  0.35289962 -0.20024586 -0.25220435 -0.16982968]
 [-0.18251225  0.35289962  0.36457978 -0.08354084 -0.18206753 -0.26935878]
 [ 0.30435088 -0.20024586 -0.08354084  1.         -0.22081004 -0.79975414]
 [-0.81394417 -0.25220435 -0.18206753 -0.22081004  0.9960117   0.47301439]
 [-0.20365561 -0.16982968 -0.26935878 -0.79975414  0.47301439  0.96958382]]

elemento 4, fe =2.375746e+07
[[ 1.          0.29703085 -0.61838846 -0.01133705 -0.38161154 -0.2856938 ]
 [ 0.29703085  0.54904356  0.0233542  -0.06130422 -0.32038505 -0.48773934]
 [-0.61838846  0.0233542   0.55089182 -0.17106313  0.06749664  0.14770894]
 [-0.01133705 -0.06130422 -0.17106313  0.31371963  0.18240018 -0.25241541]
 [-0.38161154 -0.32038505  0.06749664  0.18240018  0.3141149   0.13798487]
 [-0.2856938  -0.48773934  0.14770894 -0.25241541  0.13798487  0.74015475]]

elemento 5, fe =3.218678e+07
[[ 0.36562351  0.1652928  -0.17344685  0.00334208 -0.19217666 -0.16863488]
 [ 0.1652928   0.32591315  0.02894811  0.15794581 -0.19424091 -0.48385896]
 [-0.17344685  0.02894811  0.33334143 -0.1660166  -0.15989458  0.13706849]
 [ 0.00334208  0.15794581 -0.1660166   0.35819522  0.16267452 -0.51614104]
 [-0.19217666 -0.19424091 -0.15989458  0.16267452  0.35207123  0.03156639]
 [-0.16863488 -0.48385896  0.13706849 -0.51614104  0.03156639  1.        ]]

elemento 6, fe =1.868480e+07
[[ 0.39989813 -0.16937971 -0.04281507 -0.18650279 -0.35708306  0.3558825 ]
 [-0.16937971  0.9605023  -0.14239337 -0.60727342  0.31177307 -0.35322888]
 [-0.04281507 -0.14239337  0.68573201  0.32565994 -0.64291694 -0.18326657]
 [-0.18650279 -0.60727342  0.32565994  0.667537   -0.13915714 -0.06026358]
 [-0.35708306  0.31177307 -0.64291694 -0.13915714  1.         -0.17261593]
 [ 0.3558825  -0.35322888 -0.18326657 -0.06026358 -0.17261593  0.41349246]]

elemento 7, fe =2.471278e+07
[[ 0.19595403 -0.07272698  0.00464776 -0.17822161 -0.20060178  0.2509486 ]
 [-0.07272698  0.49532979 -0.14487142 -0.32244919  0.2175984  -0.1728806 ]
 [ 0.00464776 -0.14487142  0.79475046  0.28730282 -0.79939822 -0.1424314 ]
 [-0.17822161 -0.32244919  0.28730282  0.52426976 -0.1090812  -0.20182057]
 [-0.20060178  0.2175984  -0.79939822 -0.1090812   1.         -0.1085172 ]
 [ 0.2509486  -0.1728806  -0.1424314  -0.20182057 -0.1085172   0.37470117]]

elemento 8, fe =1.882090e+07
[[ 1.         -0.17733691 -0.35795971  0.31098353 -0.64204029 -0.13364661]
 [-0.17733691  0.41711236  0.35477398 -0.35898232 -0.17743706 -0.05813004]
 [-0.35795971  0.35477398  0.39659964 -0.16798261 -0.03863993 -0.18679137]
 [ 0.31098353 -0.35898232 -0.16798261  0.95257975 -0.14300092 -0.59359743]
 [-0.64204029 -0.17743706 -0.03863993 -0.14300092  0.68068021  0.32043798]
 [-0.13364661 -0.05813004 -0.18679137 -0.59359743  0.32043798  0.65172747]]

elemento 9, fe =3.823448e+07
[[ 0.43115461  0.15890354 -0.04478193  0.07661924 -0.38637269 -0.23552277]
 [ 0.15890354  0.29058815  0.09817506  0.18431884 -0.2570786  -0.47490699]
 [-0.04478193  0.09817506  0.15552872 -0.07547568 -0.11074679 -0.02269938]
 [ 0.07661924  0.18431884 -0.07547568  0.34077417 -0.00114355 -0.52509301]
 [-0.38637269 -0.2570786  -0.11074679 -0.00114355  0.49711948  0.25822215]
 [-0.23552277 -0.47490699 -0.02269938 -0.52509301  0.25822215  1.        ]]

elemento 10, fe =2.445846e+07
[[ 0.57272631  0.10223692 -0.28274031  0.1398238  -0.28998601 -0.24206072]
 [ 0.10223692  0.23941571  0.17352076  0.04421748 -0.27575768 -0.28363319]
 [-0.28274031  0.17352076  0.41714515 -0.22915443 -0.13440484  0.05563367]
 [ 0.1398238   0.04421748 -0.22915443  0.67214933  0.08933063 -0.71636681]
 [-0.28998601 -0.27575768 -0.13440484  0.08933063  0.42439085  0.18642705]
 [-0.24206072 -0.28363319  0.05563367 -0.71636681  0.18642705  1.        ]]

elemento 11, fe =2.427817e+07
[[ 0.42114839  0.13208446 -0.42747901  0.03011856  0.00633062 -0.16220302]
 [ 0.13208446  0.24189624  0.06406576  0.04193213 -0.19615022 -0.28382838]
 [-0.42747901  0.06406576  0.81699469 -0.35183352 -0.38951568  0.28776776]
 [ 0.03011856  0.04193213 -0.35183352  0.67423949  0.32171496 -0.71617162]
 [ 0.00633062 -0.19615022 -0.38951568  0.32171496  0.38318506 -0.12556474]
 [-0.16220302 -0.28382838  0.28776776 -0.71617162 -0.12556474  1.        ]]

elemento 12, fe =2.215394e+07
[[ 0.40333354 -0.15853344  0.02084326 -0.19572938 -0.4241768   0.35426281]
 [-0.15853344  1.         -0.15852715 -0.34313348  0.31706059 -0.65686652]
 [ 0.02084326 -0.15852715  0.48147547  0.17094066 -0.50231873 -0.0124135 ]
 [-0.19572938 -0.34313348  0.17094066  0.31150135  0.02478872  0.03163213]
 [-0.4241768   0.31706059 -0.50231873  0.02478872  0.92649554 -0.34184931]
 [ 0.35426281 -0.65686652 -0.0124135   0.03163213 -0.34184931  0.62523439]]

elemento 13, fe =2.140086e+07
[[ 0.65661326 -0.26212079 -0.15341908  0.21395613 -0.50319418  0.04816467]
 [-0.26212079  0.48746719  0.25246746 -0.52898957  0.00965333  0.04152238]
 [-0.15341908  0.25246746  0.35207123  0.03156639 -0.19865215 -0.28403386]
 [ 0.21395613 -0.52898957  0.03156639  1.         -0.24552252 -0.47101043]
 [-0.50319418  0.00965333 -0.19865215 -0.24552252  0.70184634  0.23586919]
 [ 0.04816467  0.04152238 -0.28403386 -0.47101043  0.23586919  0.42948806]]

elemento 14, fe =2.501517e+07
[[ 0.44529061 -0.24461586  0.09629925 -0.07069623 -0.54158987  0.31531208]
 [-0.24461586  0.71750034 -0.03774919 -0.33350847  0.28236505 -0.38399187]
 [ 0.09629925 -0.03774919  0.36211088  0.17546934 -0.45841013 -0.13772015]
 [-0.07069623 -0.33350847  0.17546934  0.3668276  -0.10477312 -0.03331913]
 [-0.54158987  0.28236505 -0.45841013 -0.10477312  1.         -0.17759193]
 [ 0.31531208 -0.38399187 -0.13772015 -0.03331913 -0.17759193  0.417311  ]]

elemento 15, fe =2.937082e+07
[[ 0.39805184 -0.21866831  0.13843002 -0.08938384 -0.53648186  0.30805215]
 [-0.21866831  0.63640954 -0.0613228  -0.19488775  0.27999111 -0.44152179]
 [ 0.13843002 -0.0613228   0.32508812  0.12617489 -0.46351814 -0.06485209]
 [-0.08938384 -0.19488775  0.12617489  0.2329008  -0.03679105 -0.03801305]
 [-0.53648186  0.27999111 -0.46351814 -0.03679105  1.         -0.24320006]
 [ 0.30805215 -0.44152179 -0.06485209 -0.03801305 -0.24320006  0.47953484]]

elemento 16, fe =2.402215e+07
[[ 0.40421979  0.17347904 -0.39057506 -0.04556667 -0.01364472 -0.12791238]
 [ 0.17347904  0.33188112 -0.01125766  0.07688049 -0.16222138 -0.40876161]
 [-0.39057506 -0.01125766  0.78507771 -0.28202568 -0.39450264  0.29328335]
 [-0.04556667  0.07688049 -0.28202568  0.5143579   0.32759235 -0.59123839]
 [-0.01364472 -0.16222138 -0.39450264  0.32759235  0.40814737 -0.16537097]
 [-0.12791238 -0.40876161  0.29328335 -0.59123839 -0.16537097  1.        ]]

elemento 17, fe =2.576026e+07
[[ 0.1847185  -0.05111256  0.01877967 -0.20084757 -0.20349817  0.25196014]
 [-0.05111256  0.4962478  -0.16885349 -0.18857733  0.21996605 -0.30767047]
 [ 0.01877967 -0.16885349  0.77772217  0.17761356 -0.79650183 -0.00876007]
 [-0.20084757 -0.18857733  0.17761356  0.36044171  0.02323401 -0.17186438]
 [-0.20349817  0.21996605 -0.79650183  0.02323401  1.         -0.24320006]
 [ 0.25196014 -0.30767047 -0.00876007 -0.17186438 -0.24320006  0.47953484]]

elemento 18, fe =2.844353e+07
[[ 0.29103206 -0.15841806  0.12548683 -0.10819383 -0.41651889  0.26661189]
 [-0.15841806  0.51589054 -0.07921797 -0.20341614  0.23763603 -0.3124744 ]
 [ 0.12548683 -0.07921797  0.45799428  0.16849295 -0.58348111 -0.08927498]
 [-0.10819383 -0.20341614  0.16849295  0.30805411 -0.06029912 -0.10463796]
 [-0.41651889  0.23763603 -0.58348111 -0.06029912  1.         -0.17733691]
 [ 0.26661189 -0.3124744  -0.08927498 -0.10463796 -0.17733691  0.41711236]]

elemento 19, fe =2.678315e+07
[[ 0.6074544  -0.3292488   0.08166431 -0.0270698  -0.68911871  0.35631861]
 [-0.3292488   0.85006407  0.00370238 -0.33605175  0.32554642 -0.51401232]
 [ 0.08166431  0.00370238  0.22921698  0.12109737 -0.31088129 -0.12479975]
 [-0.0270698  -0.33605175  0.12109737  0.28880245 -0.09402757  0.0472493 ]
 [-0.68911871  0.32554642 -0.31088129 -0.09402757  1.         -0.23151885]
 [ 0.35631861 -0.51401232 -0.12479975  0.0472493  -0.23151885  0.46676302]]

elemento 20, fe =2.884973e+07
[[ 0.61132807 -0.24592393  0.09370431  0.07447733 -0.70503238  0.17144659]
 [-0.24592393  0.45842547  0.10304522 -0.24002303  0.1428787  -0.21840244]
 [ 0.09370431  0.10304522  0.20126332  0.10817448 -0.29496762 -0.2112197 ]
 [ 0.07447733 -0.24002303  0.10817448  0.3749104  -0.18265181 -0.13488737]
 [-0.70503238  0.1428787  -0.29496762 -0.18265181  1.          0.03977311]
 [ 0.17144659 -0.21840244 -0.2112197  -0.13488737  0.03977311  0.3532898 ]]

elemento 21, fe =3.039631e+07
[[ 0.3391839   0.10013366 -0.20936399  0.07326554 -0.12981991 -0.1733992 ]
 [ 0.10013366  0.18532943  0.10037987  0.10173019 -0.20051353 -0.28705962]
 [-0.20936399  0.10037987  0.4326841  -0.23492076 -0.22332011  0.13454088]
 [ 0.07326554  0.10173019 -0.23492076  0.61121018  0.16165522 -0.71294038]
 [-0.12981991 -0.20051353 -0.22332011  0.16165522  0.35314002  0.03885831]
 [-0.1733992  -0.28705962  0.13454088 -0.71294038  0.03885831  1.        ]]

elemento 22, fe =1.906663e+07
[[ 0.76192639 -0.08282218 -0.07459491  0.26190966 -0.68733148 -0.17908748]
 [-0.08282218  0.28555917  0.30513574 -0.15482253 -0.22231356 -0.13073664]
 [-0.07459491  0.30513574  0.35062909 -0.01740172 -0.27603419 -0.28773401]
 [ 0.26190966 -0.15482253 -0.01740172  1.         -0.24450793 -0.84517747]
 [-0.68733148 -0.22231356 -0.27603419 -0.24450793  0.96336567  0.46682149]
 [-0.17908748 -0.13073664 -0.28773401 -0.84517747  0.46682149  0.97591411]]

elemento 23, fe =2.112604e+07
[[ 0.74282705  0.01559087 -0.18413303  0.23002412 -0.55869403 -0.24561498]
 [ 0.01559087  0.26066935  0.26903644 -0.04250716 -0.28462731 -0.21816219]
 [-0.18413303  0.26903644  0.33248597 -0.13068624 -0.14835295 -0.1383502 ]
 [ 0.23002412 -0.04250716 -0.13068624  0.82434496 -0.09933788 -0.78183781]
 [-0.55869403 -0.28462731 -0.14835295 -0.09933788  0.70704698  0.38396518]
 [-0.24561498 -0.21816219 -0.1383502  -0.78183781  0.38396518  1.        ]]

elemento 24, fe =2.407802e+07
[[ 0.20080457  0.08406993 -0.19176404 -0.24145089 -0.00904054  0.15738096]
 [ 0.08406993  0.4849818  -0.2072215  -0.07621933  0.12315157 -0.40876247]
 [-0.19176404 -0.2072215   1.          0.00980704 -0.80823596  0.19741446]
 [-0.24145089 -0.07621933  0.00980704  0.35019977  0.23164384 -0.27398044]
 [-0.00904054  0.12315157 -0.80823596  0.23164384  0.8172765  -0.35479542]
 [ 0.15738096 -0.40876247  0.19741446 -0.27398044 -0.35479542  0.68274291]]

elemento 25, fe =2.516743e+07
[[ 0.37501545 -0.10919844 -0.0818188  -0.17304765 -0.29319665  0.28224609]
 [-0.10919844  1.         -0.14029993 -0.47563589  0.24949837 -0.52436411]
 [-0.0818188  -0.14029993  0.41820188  0.19013808 -0.33638307 -0.04983815]
 [-0.17304765 -0.47563589  0.19013808  0.37636735 -0.01709043  0.09926854]
 [-0.29319665  0.24949837 -0.33638307 -0.01709043  0.62957972 -0.23240794]
 [ 0.28224609 -0.52436411 -0.04983815  0.09926854 -0.23240794  0.42509557]]

elemento 26, fe =2.643514e+07
[[ 0.54738128 -0.29719424  0.09394398 -0.03572222 -0.64132526  0.33291646]
 [-0.29719424  0.77323158 -0.00454494 -0.32433273  0.30173918 -0.44889885]
 [ 0.09394398 -0.00454494  0.26473076  0.13682163 -0.35867474 -0.13227669]
 [-0.03572222 -0.32433273  0.13682163  0.31203447 -0.10109941  0.01229826]
 [-0.64132526  0.30173918 -0.35867474 -0.10109941  1.         -0.20063977]
 [ 0.33291646 -0.44889885 -0.13227669  0.01229826 -0.20063977  0.43660059]]

elemento 27, fe =2.263780e+07
[[ 0.36557075 -0.08631608 -0.01882802 -0.22743079 -0.34674272  0.31374687]
 [-0.08631608  1.         -0.19102373 -0.28360017  0.27733981 -0.71639983]
 [-0.01882802 -0.19102373  0.50857708  0.14163346 -0.48974906  0.04939027]
 [-0.22743079 -0.28360017  0.14163346  0.26599546  0.08579734  0.0176047 ]
 [-0.34674272  0.27733981 -0.48974906  0.08579734  0.83649179 -0.36313714]
 [ 0.31374687 -0.71639983  0.04939027  0.0176047  -0.36313714  0.69879513]]

elemento 28, fe =2.920377e+07
[[ 1.          0.00980704 -0.28958531  0.16646014 -0.71041469 -0.17626718]
 [ 0.00980704  0.35019977  0.19468169 -0.09393992 -0.20448874 -0.25625985]
 [-0.28958531  0.19468169  0.19536354 -0.10649731  0.09422178 -0.08818439]
 [ 0.16646014 -0.09393992 -0.10649731  0.34359986 -0.05996283 -0.24965994]
 [-0.71041469 -0.20448874  0.09422178 -0.05996283  0.61619291  0.26445157]
 [-0.17626718 -0.25625985 -0.08818439 -0.24965994  0.26445157  0.50591979]]

elemento 29, fe =2.204518e+07
[[ 0.67213447  0.11959296 -0.40410176  0.13931312 -0.26803271 -0.25890609]
 [ 0.11959296  0.28066649  0.17669888  0.01086264 -0.29629184 -0.29152913]
 [-0.40410176  0.17669888  0.53408285 -0.28502266 -0.12998109  0.10832378]
 [ 0.13931312  0.01086264 -0.28502266  0.69760823  0.14570954 -0.70847087]
 [-0.26803271 -0.29629184 -0.12998109  0.14570954  0.39801379  0.1505823 ]
 [-0.25890609 -0.29152913  0.10832378 -0.70847087  0.1505823   1.        ]]

elemento 30, fe =2.473444e+07
[[ 0.23885319 -0.09677726  0.04995966 -0.18316147 -0.28881285  0.27993873]
 [-0.09677726  0.58521312 -0.14984049 -0.24211618  0.24661775 -0.34309694]
 [ 0.04995966 -0.14984049  0.66122749  0.19826036 -0.71118715 -0.04841988]
 [-0.18316147 -0.24211618  0.19826036  0.36578225 -0.01509889 -0.12366608]
 [-0.28881285  0.24661775 -0.71118715 -0.01509889  1.         -0.23151885]
 [ 0.27993873 -0.34309694 -0.04841988 -0.12366608 -0.23151885  0.46676302]]

elemento 31, fe =2.688224e+07
[[ 0.6724782  -0.28959842  0.06296994  0.08128094 -0.73544814  0.20831749]
 [-0.28959842  0.55497466  0.11193968 -0.30451373  0.17765874 -0.25046093]
 [ 0.06296994  0.11193968  0.20158192  0.10490288 -0.26455186 -0.21684256]
 [ 0.08128094 -0.30451373  0.10490288  0.40420376 -0.18618381 -0.09969002]
 [-0.73544814  0.17765874 -0.26455186 -0.18618381  1.          0.00852507]
 [ 0.20831749 -0.25046093 -0.21684256 -0.09969002  0.00852507  0.35015095]]

elemento 32, fe =2.178950e+07
[[ 1.         -0.15802954 -0.20267276  0.24858274 -0.79732724 -0.0905532 ]
 [-0.15802954  0.40298757  0.2864072  -0.24306391 -0.12837766 -0.15992366]
 [-0.20267276  0.2864072   0.24137279 -0.07028386 -0.03870003 -0.21612334]
 [ 0.24858274 -0.24306391 -0.07028386  0.64363425 -0.17829888 -0.40057034]
 [-0.79732724 -0.12837766 -0.03870003 -0.17829888  0.83602726  0.30667654]
 [-0.0905532  -0.15992366 -0.21612334 -0.40057034  0.30667654  0.560494  ]]

elemento 33, fe =1.857616e+07
[[ 0.32790535 -0.03540719 -0.09916949 -0.29423759 -0.22873586  0.32964478]
 [-0.03540719  0.92885358 -0.24987019 -0.4102675   0.28527738 -0.51858608]
 [-0.09916949 -0.24987019  0.87043363  0.25854564 -0.77126414 -0.00867545]
 [-0.29423759 -0.4102675   0.25854564  0.47790597  0.03569195 -0.06763848]
 [-0.22873586  0.28527738 -0.77126414  0.03569195  1.         -0.32096932]
 [ 0.32964478 -0.51858608 -0.00867545 -0.06763848 -0.32096932  0.58622455]]

elemento 34, fe =2.414452e+07
[[ 0.28632544  0.140175   -0.35099372 -0.28956065  0.06466828  0.14938565]
 [ 0.140175    0.62197756 -0.25542553 -0.31124792  0.11525054 -0.31072964]
 [-0.35099372 -0.25542553  1.          0.17850921 -0.64900628  0.07691632]
 [-0.28956065 -0.31124792  0.17850921  0.41802813  0.11105143 -0.10678021]
 [ 0.06466828  0.11525054 -0.64900628  0.11105143  0.584338   -0.22630197]
 [ 0.14938565 -0.31072964  0.07691632 -0.10678021 -0.22630197  0.41750984]]

elemento 35, fe =2.832720e+07
[[ 0.17929085  0.06783189 -0.24653476 -0.2449393   0.06724391  0.17710741]
 [ 0.06783189  0.45046391 -0.21584445 -0.32220786  0.14801256 -0.12825605]
 [-0.24653476 -0.21584445  1.          0.25526857 -0.75346524 -0.03942412]
 [-0.2449393  -0.32220786  0.25526857  0.49355645 -0.01032927 -0.17134859]
 [ 0.06724391  0.14801256 -0.75346524 -0.01032927  0.68622133 -0.13768329]
 [ 0.17710741 -0.12825605 -0.03942412 -0.17134859 -0.13768329  0.29960464]]

elemento 36, fe =2.050381e+07
[[ 0.40448156 -0.22196394  0.01774883 -0.04193051 -0.42223039  0.26389445]
 [-0.22196394  0.67208254 -0.00173429 -0.56607852  0.22369823 -0.10600402]
 [ 0.01774883 -0.00173429  0.56002077  0.30540185 -0.57776961 -0.30366756]
 [-0.04193051 -0.56607852  0.30540185  0.8133643  -0.26347134 -0.24728578]
 [-0.42223039  0.22369823 -0.57776961 -0.26347134  1.          0.03977311]
 [ 0.26389445 -0.10600402 -0.30366756 -0.24728578  0.03977311  0.3532898 ]]

elemento 37, fe =1.963149e+07
[[ 0.36200279  0.18803757 -0.33948571 -0.28615228 -0.02251708  0.09811471]
 [ 0.18803757  0.72820078 -0.24416995 -0.09411216  0.05613238 -0.63408862]
 [-0.33948571 -0.24416995  1.         -0.02210136 -0.66051429  0.26627131]
 [-0.28615228 -0.09411216 -0.02210136  0.35101493  0.30825364 -0.25690277]
 [-0.02251708  0.05613238 -0.66051429  0.30825364  0.68303137 -0.36438601]
 [ 0.09811471 -0.63408862  0.26627131 -0.25690277 -0.36438601  0.89099139]]

elemento 38, fe =3.048472e+07
[[ 0.21444665 -0.11310252  0.12039145 -0.12617595 -0.3348381   0.23927847]
 [-0.11310252  0.4190852  -0.09914025 -0.14971786  0.21224277 -0.26936734]
 [ 0.12039145 -0.09914025  0.54477045  0.16082679 -0.6651619  -0.06168654]
 [-0.12617595 -0.14971786  0.16082679  0.29766152 -0.03465084 -0.14794366]
 [-0.3348381   0.21224277 -0.6651619  -0.03465084  1.         -0.17759193]
 [ 0.23927847 -0.26936734 -0.06168654 -0.14794366 -0.17759193  0.417311  ]]

elemento 39, fe =2.659484e+07
[[ 0.38847516  0.04476625 -0.34958381  0.14117413 -0.03889135 -0.18594038]
 [ 0.04476625  0.14680101  0.17216419 -0.03568288 -0.21693045 -0.11111813]
 [-0.34958381  0.17216419  0.66069247 -0.35810458 -0.31110865  0.18594038]
 [ 0.14117413 -0.03568288 -0.35810458  0.92456474  0.21693045 -0.88888187]
 [-0.03889135 -0.21693045 -0.31110865  0.21693045  0.35        0.        ]
 [-0.18594038 -0.11111813  0.18594038 -0.88888187  0.          1.        ]]

elemento 40, fe =1.903353e+07
[[ 0.8375      0.28145826 -0.6625     -0.02165064 -0.175      -0.25980762]
 [ 0.28145826  0.5125      0.02165064 -0.0125     -0.30310889 -0.5       ]
 [-0.6625      0.02165064  0.8375     -0.28145826 -0.175       0.25980762]
 [-0.02165064 -0.0125     -0.28145826  0.5125      0.30310889 -0.5       ]
 [-0.175      -0.30310889 -0.175       0.30310889  0.35        0.        ]
 [-0.25980762 -0.5         0.25980762 -0.5         0.          1.        ]]

elemento 41, fe =2.027608e+07
[[ 0.71917829  0.21563615 -0.57635126  0.02824998 -0.14282703 -0.24388613]
 [ 0.21563615  0.39783987  0.06889767  0.01023736 -0.28453382 -0.40807723]
 [-0.57635126  0.06889767  0.78352423 -0.3127838  -0.20717297  0.24388613]
 [ 0.02824998  0.01023736 -0.3127838   0.5816854   0.28453382 -0.59192277]
 [-0.14282703 -0.28453382 -0.20717297  0.28453382  0.35        0.        ]
 [-0.24388613 -0.40807723  0.24388613 -0.59192277  0.          1.        ]]

elemento 42, fe =2.644207e+07
[[ 0.36978342  0.16239264 -0.48349928 -0.10619746  0.11371586 -0.05619517]
 [ 0.16239264  0.31447987 -0.07502836 -0.04160998 -0.08736428 -0.27286989]
 [-0.48349928 -0.07502836  1.         -0.20219967 -0.51650072  0.27722802]
 [-0.10619746 -0.04160998 -0.20219967  0.4380034   0.30839713 -0.39639342]
 [ 0.11371586 -0.08736428 -0.51650072  0.30839713  0.40278485 -0.22103285]
 [-0.05619517 -0.27286989  0.27722802 -0.39639342 -0.22103285  0.66926331]]

elemento 43, fe =2.184120e+07
[[ 0.35683666 -0.05729528 -0.09473165 -0.23822321 -0.26210501  0.29551849]
 [-0.05729528  1.         -0.2004883  -0.42906611  0.25778358 -0.57093389]
 [-0.09473165 -0.2004883   0.58380586  0.21020594 -0.48907421 -0.00971764]
 [-0.23822321 -0.42906611  0.21020594  0.38344697  0.02801727  0.04561914]
 [-0.26210501  0.25778358 -0.48907421  0.02801727  0.75117921 -0.28580085]
 [ 0.29551849 -0.57093389 -0.00971764  0.04561914 -0.28580085  0.52531475]]

elemento 44, fe =2.147038e+07
[[ 0.54188466 -0.28908656  0.03741649  0.02038004 -0.57930115  0.26870652]
 [-0.28908656  0.70687026  0.05876669 -0.50411486  0.23031987 -0.2027554 ]
 [ 0.03741649  0.05876669  0.38328236  0.20993983 -0.42069885 -0.26870652]
 [ 0.02038004 -0.50411486  0.20993983  0.65135946 -0.23031987 -0.1472446 ]
 [-0.57930115  0.23031987 -0.42069885 -0.23031987  1.          0.        ]
 [ 0.26870652 -0.2027554  -0.26870652 -0.1472446   0.          0.35      ]]

elemento 45, fe =1.895105e+07
[[ 0.356403   -0.17112319 -0.0537264  -0.13330489 -0.3026766   0.30442808]
 [-0.17112319  0.7886071  -0.08981516 -0.68267029  0.26093836 -0.10593681]
 [-0.0537264  -0.08981516  0.75104979  0.39424324 -0.6973234  -0.30442808]
 [-0.13330489 -0.68267029  0.39424324  0.92673347 -0.26093836 -0.24406319]
 [-0.3026766   0.26093836 -0.6973234  -0.26093836  1.          0.        ]
 [ 0.30442808 -0.10593681 -0.30442808 -0.24406319  0.          0.35      ]]

elemento 46, fe =1.909452e+07
[[ 0.76058655  0.40252603 -0.58560146 -0.25626719 -0.17498509 -0.14625884]
 [ 0.40252603  0.96398456 -0.21310424 -0.12543883 -0.18942179 -0.83854573]
 [-0.58560146 -0.21310424  0.79380143 -0.05871934 -0.20819997  0.27182358]
 [-0.25626719 -0.12543883 -0.05871934  0.2868931   0.31498653 -0.16145427]
 [-0.17498509 -0.18942179 -0.20819997  0.31498653  0.38318506 -0.12556474]
 [-0.14625884 -0.83854573  0.27182358 -0.16145427 -0.12556474  1.        ]]

elemento 47, fe =2.235904e+07
[[ 0.6305102   0.23893521 -0.45599305 -0.0177694  -0.17451715 -0.22116581]
 [ 0.23893521  0.43884466  0.01909157  0.05977576 -0.25802678 -0.49862042]
 [-0.45599305  0.01909157  0.63147591 -0.24025738 -0.17548285  0.22116581]
 [-0.0177694   0.05977576 -0.24025738  0.44160382  0.25802678 -0.50137958]
 [-0.17451715 -0.25802678 -0.17548285  0.25802678  0.35        0.        ]
 [-0.22116581 -0.49862042  0.22116581 -0.50137958  0.          1.        ]]

elemento 48, fe =1.918525e+07
[[ 0.33910313  0.061035   -0.28414537 -0.33644203 -0.05495775  0.27540702]
 [ 0.061035    0.94540213 -0.2934832  -0.58341499  0.23244819 -0.36198713]
 [-0.28414537 -0.2934832   1.          0.34784502 -0.71585463 -0.05436182]
 [-0.33644203 -0.58341499  0.34784502  0.63331525 -0.01140299 -0.04990026]
 [-0.05495775  0.23244819 -0.71585463 -0.01140299  0.77081238 -0.2210452 ]
 [ 0.27540702 -0.36198713 -0.05436182 -0.04990026 -0.2210452   0.41188739]]

elemento 49, fe =1.798136e+07
[[ 0.68645548 -0.37450938 -0.07641538  0.05366437 -0.6100401   0.32084501]
 [-0.37450938  1.          0.09949937 -0.78648596  0.27501001 -0.21351404]
 [-0.07641538  0.09949937  0.43696634  0.22134564 -0.36055096 -0.32084501]
 [ 0.05366437 -0.78648596  0.22134564  0.9126788  -0.27501001 -0.12619284]
 [-0.6100401   0.27501001 -0.36055096 -0.27501001  0.97059106  0.        ]
 [ 0.32084501 -0.21351404 -0.32084501 -0.12619284  0.          0.33970687]]

elemento 50, fe =2.036181e+07
[[ 0.75934185  0.28683483 -0.568553   -0.04397547 -0.19078885 -0.24285936]
 [ 0.28683483  0.52651525 -0.00349891  0.01859574 -0.28333592 -0.54511099]
 [-0.568553   -0.00349891  0.72776416 -0.23936045 -0.15921115  0.24285936]
 [-0.04397547  0.01859574 -0.23936045  0.43629328  0.28333592 -0.45488901]
 [-0.19078885 -0.28333592 -0.15921115  0.28333592  0.35        0.        ]
 [-0.24285936 -0.54511099  0.24285936 -0.45488901  0.          1.        ]]

elemento 51, fe =2.480121e+07
[[ 0.59896576  0.2895583  -0.36437349 -0.09017064 -0.23459226 -0.19938766]
 [ 0.2895583   0.60385778 -0.05693936  0.06640582 -0.23261894 -0.6702636 ]
 [-0.36437349 -0.05693936  0.47978123 -0.1424483  -0.11540774  0.19938766]
 [-0.09017064  0.06640582 -0.1424483   0.26333058  0.23261894 -0.3297364 ]
 [-0.23459226 -0.23261894 -0.11540774  0.23261894  0.35        0.        ]
 [-0.19938766 -0.6702636   0.19938766 -0.3297364   0.          1.        ]]

elemento 52, fe =2.175616e+07
[[ 0.40830311 -0.22427316  0.04710029 -0.04090376 -0.4554034   0.26517692]
 [-0.22427316  0.64661831 -0.00302134 -0.48722711  0.2272945  -0.15939119]
 [ 0.04710029 -0.00302134  0.49749631  0.26819826 -0.5445966  -0.26517692]
 [-0.04090376 -0.48722711  0.26819826  0.67783592 -0.2272945  -0.19060881]
 [-0.4554034   0.2272945  -0.5445966  -0.2272945   1.          0.        ]
 [ 0.26517692 -0.15939119 -0.26517692 -0.19060881  0.          0.35      ]]

elemento 53, fe =2.086865e+07
[[ 0.71139406  0.25670763 -0.53639406 -0.01974674 -0.175      -0.23696089]
 [ 0.25670763  0.46836292  0.01974674  0.03163708 -0.27645438 -0.5       ]
 [-0.53639406  0.01974674  0.71139406 -0.25670763 -0.175       0.23696089]
 [-0.01974674  0.03163708 -0.25670763  0.46836292  0.27645438 -0.5       ]
 [-0.175      -0.27645438 -0.175       0.27645438  0.35        0.        ]
 [-0.23696089 -0.5         0.23696089 -0.5         0.          1.        ]]

elemento 54, fe =2.316588e+07
[[ 0.33271596  0.18146823 -0.39435175 -0.20524325  0.06163579  0.02377502]
 [ 0.18146823  0.48369944 -0.1696661  -0.0493888  -0.01180212 -0.43431064]
 [-0.39435175 -0.1696661   1.         -0.10105336 -0.60564825  0.27071947]
 [-0.20524325 -0.0493888  -0.10105336  0.3713916   0.30629661 -0.32200281]
 [ 0.06163579 -0.01180212 -0.60564825  0.30629661  0.54401246 -0.29449449]
 [ 0.02377502 -0.43431064  0.27071947 -0.32200281 -0.29449449  0.75631345]]

elemento 55, fe =2.068873e+07
[[ 0.72453186  0.26223226 -0.54730693 -0.02321061 -0.17722493 -0.23902165]
 [ 0.26223226  0.47857483  0.01662634  0.02778211 -0.2788586  -0.50635694]
 [-0.54730693  0.01662634  0.72008201 -0.25564799 -0.17277507  0.23902165]
 [-0.02321061  0.02778211 -0.25564799  0.46586095  0.2788586  -0.49364306]
 [-0.17722493 -0.2788586  -0.17277507  0.2788586   0.35        0.        ]
 [-0.23902165 -0.50635694  0.23902165 -0.49364306  0.          1.        ]]

elemento 56, fe =3.550317e+07
[[ 0.20390688 -0.10087762  0.15450819 -0.15364288 -0.35841507  0.2545205 ]
 [-0.10087762  0.43810079 -0.13042873  0.02188199  0.23130635 -0.45998278]
 [ 0.15450819 -0.13042873  0.48707674  0.02571641 -0.64158493  0.10471233]
 [-0.15364288  0.02188199  0.02571641  0.17330337  0.12792647 -0.19518536]
 [-0.35841507  0.23130635 -0.64158493  0.12792647  1.         -0.35923283]
 [ 0.2545205  -0.45998278  0.10471233 -0.19518536 -0.35923283  0.65516814]]

elemento 57, fe =2.186064e+07
[[ 0.3512405   0.19054163 -0.39018667 -0.19188997  0.03894618  0.00134834]
 [ 0.19054163  0.49383158 -0.15418862  0.00362365 -0.03635301 -0.49745523]
 [-0.39018667 -0.15418862  1.         -0.15802954 -0.60981333  0.31221816]
 [-0.19188997  0.00362365 -0.15802954  0.40298757  0.34991951 -0.40661123]
 [ 0.03894618 -0.03635301 -0.60981333  0.34991951  0.57086715 -0.31356651]
 [ 0.00134834 -0.49745523  0.31221816 -0.40661123 -0.31356651  0.90406645]]

elemento 58, fe =1.992779e+07
[[ 0.31016505 -0.04363917 -0.04427811 -0.2743107  -0.26588693  0.31794987]
 [-0.04363917  0.87321752 -0.23295258 -0.28176915  0.27659175 -0.59144837]
 [-0.04427811 -0.23295258  0.77839118  0.18193218 -0.73411307  0.0510204 ]
 [-0.2743107  -0.28176915  0.18193218  0.36515878  0.09237852 -0.08338963]
 [-0.26588693  0.27659175 -0.73411307  0.09237852  1.         -0.36897027]
 [ 0.31794987 -0.59144837  0.0510204  -0.08338963 -0.36897027  0.67483799]]

elemento 59, fe =2.189094e+07
[[ 0.44844442 -0.24471962  0.05155558 -0.01882459 -0.5         0.26354421]
 [-0.24471962  0.65448407  0.01882459 -0.47948407  0.22589503 -0.175     ]
 [ 0.05155558  0.01882459  0.44844442  0.24471962 -0.5        -0.26354421]
 [-0.01882459 -0.47948407  0.24471962  0.65448407 -0.22589503 -0.175     ]
 [-0.5         0.22589503 -0.5        -0.22589503  1.          0.        ]
 [ 0.26354421 -0.175      -0.26354421 -0.175       0.          0.35      ]]

elemento 60, fe =2.142225e+07
[[ 0.39595887 -0.21728291  0.03847882 -0.05202726 -0.43443769  0.26931017]
 [-0.21728291  0.65812268 -0.01355438 -0.50606948  0.23083729 -0.15205319]
 [ 0.03847882 -0.01355438  0.52708349  0.28286455 -0.56556231 -0.26931017]
 [-0.05202726 -0.50606948  0.28286455  0.70401629 -0.23083729 -0.19794681]
 [-0.43443769  0.23083729 -0.56556231 -0.23083729  1.          0.        ]
 [ 0.26931017 -0.15205319 -0.26931017 -0.19794681  0.          0.35      ]]

elemento 61, fe =2.170112e+07
[[ 0.36457978 -0.08354084 -0.07434779 -0.22631268 -0.29023199  0.30985352]
 [-0.08354084  1.         -0.18833419 -0.43889484  0.27187503 -0.56110516]
 [-0.07434779 -0.18833419  0.56903549  0.21494824 -0.49468769 -0.02661405]
 [-0.22631268 -0.43889484  0.21494824  0.39455992  0.01136444  0.04433492]
 [-0.29023199  0.27187503 -0.49468769  0.01136444  0.78491968 -0.28323947]
 [ 0.30985352 -0.56110516 -0.02661405  0.04433492 -0.28323947  0.51677023]]

elemento 62, fe =2.691418e+07
[[ 0.46267315  0.14677575 -0.27646731  0.05948669 -0.18620584 -0.20626245]
 [ 0.14677575  0.26841625  0.09010905  0.10190007 -0.23688481 -0.37031632]
 [-0.27646731  0.09010905  0.44894813 -0.23181167 -0.17248082  0.14170261]
 [ 0.05948669  0.10190007 -0.23181167  0.5277836   0.17232497 -0.62968368]
 [-0.18620584 -0.23688481 -0.17248082  0.17232497  0.35868665  0.06455983]
 [-0.20626245 -0.37031632  0.14170261 -0.62968368  0.06455983  1.        ]]

elemento 63, fe =2.121272e+07
[[ 0.4394779  -0.22457575  0.03816331 -0.13162494 -0.4776412   0.35620069]
 [-0.22457575  0.90694952 -0.09277203 -0.45730211  0.31734778 -0.44964741]
 [ 0.03816331 -0.09277203  0.48419549  0.22794055 -0.5223588  -0.13516852]
 [-0.13162494 -0.45730211  0.22794055  0.46360023 -0.09631562 -0.00629811]
 [-0.4776412   0.31734778 -0.5223588  -0.09631562  1.         -0.22103216]
 [ 0.35620069 -0.44964741 -0.13516852 -0.00629811 -0.22103216  0.45594552]]

elemento 64, fe =2.086865e+07
[[ 0.71139404  0.25670763 -0.53639404 -0.01974674 -0.175      -0.23696089]
 [ 0.25670763  0.46836292  0.01974674  0.03163708 -0.27645437 -0.5       ]
 [-0.53639404  0.01974674  0.71139404 -0.25670763 -0.175       0.23696089]
 [-0.01974674  0.03163708 -0.25670763  0.46836292  0.27645437 -0.5       ]
 [-0.175      -0.27645437 -0.175       0.27645437  0.35        0.        ]
 [-0.23696089 -0.5         0.23696089 -0.5         0.          1.        ]]

elemento 65, fe =2.028417e+07
[[ 0.76722363 -0.08578512 -0.31148961  0.27308886 -0.45573402 -0.18730374]
 [-0.08578512  0.2886605   0.31372033 -0.23985873 -0.2279352  -0.04880177]
 [-0.31148961  0.31372033  0.42771631 -0.1904181  -0.1162267  -0.12330223]
 [ 0.27308886 -0.23985873 -0.1904181   1.         -0.08267076 -0.76014127]
 [-0.45573402 -0.2279352  -0.1162267  -0.08267076  0.57196073  0.31060596]
 [-0.18730374 -0.04880177 -0.12330223 -0.76014127  0.31060596  0.80894304]]

elemento 66, fe =2.100241e+07
[[ 0.37253145 -0.10368693 -0.04315652 -0.22751997 -0.32937492  0.3312069 ]
 [-0.10368693  1.         -0.18827801 -0.41074717  0.29196494 -0.58925283]
 [-0.04315652 -0.18827801  0.5837168   0.2106351  -0.54056028 -0.02235709]
 [-0.22751997 -0.41074717  0.2106351   0.38430361  0.01688486  0.02644355]
 [-0.32937492  0.29196494 -0.54056028  0.01688486  0.8699352  -0.3088498 ]
 [ 0.3312069  -0.58925283 -0.02235709  0.02644355 -0.3088498   0.56280928]]

elemento 67, fe =2.069891e+07
[[ 0.7225947   0.26017844 -0.54667133 -0.02127428 -0.17592337 -0.23890417]
 [ 0.26017844  0.47460427  0.01854309  0.02803393 -0.27872153 -0.50263819]
 [-0.54667133  0.01854309  0.72074797 -0.25744725 -0.17407663  0.23890417]
 [-0.02127428  0.02803393 -0.25744725  0.46932788  0.27872153 -0.49736181]
 [-0.17592337 -0.27872153 -0.17407663  0.27872153  0.35        0.        ]
 [-0.23890417 -0.50263819  0.23890417 -0.49736181  0.          1.        ]]

elemento 68, fe =4.016530e+07
[[ 0.19565557 -0.09863004  0.1740849  -0.04500715 -0.36974047  0.1436372 ]
 [-0.09863004  0.21626939 -0.02448756 -0.08686023  0.1231176  -0.12940916]
 [ 0.1740849  -0.02448756  0.45617463  0.16812475 -0.63025953 -0.1436372 ]
 [-0.04500715 -0.08686023  0.16812475  0.30745106 -0.1231176  -0.22059084]
 [-0.36974047  0.1231176  -0.63025953 -0.1231176   1.          0.        ]
 [ 0.1436372  -0.12940916 -0.1436372  -0.22059084  0.          0.35      ]]

elemento 69, fe =2.594453e+07
[[ 0.52800201 -0.27263066  0.09386892  0.00614202 -0.62187093  0.26648864]
 [-0.27263066  0.62071938  0.03790887 -0.3325184   0.23472179 -0.28820097]
 [ 0.09386892  0.03790887  0.28426015  0.15460744 -0.37812907 -0.19251631]
 [ 0.00614202 -0.3325184   0.15460744  0.40573414 -0.16074947 -0.07321574]
 [-0.62187093  0.23472179 -0.37812907 -0.16074947  1.         -0.07397233]
 [ 0.26648864 -0.28820097 -0.19251631 -0.07321574 -0.07397233  0.36141671]]

elemento 70, fe =2.008468e+07
[[ 0.85916396 -0.40344442 -0.0695935   0.15058779 -0.78957047  0.25285663]
 [-0.40344442  0.81877973  0.19162283 -0.58658934  0.21182159 -0.23219039]
 [-0.0695935   0.19162283  0.28002303  0.10377309 -0.21042953 -0.29539592]
 [ 0.15058779 -0.58658934  0.10377309  0.70816298 -0.25436088 -0.12157364]
 [-0.78957047  0.21182159 -0.21042953 -0.25436088  1.          0.04253929]
 [ 0.25285663 -0.23219039 -0.29539592 -0.12157364  0.04253929  0.35376403]]

elemento 71, fe =2.143140e+07
[[ 0.61677377  0.1341835  -0.52283292  0.09655528 -0.09394085 -0.23073878]
 [ 0.1341835   0.2790858   0.13501174 -0.01068338 -0.26919524 -0.26840242]
 [-0.52283292  0.13501174  0.77889208 -0.36575052 -0.25605915  0.23073878]
 [ 0.09655528 -0.01068338 -0.36575052  0.74228095  0.26919524 -0.73159758]
 [-0.09394085 -0.26919524 -0.25605915  0.26919524  0.35        0.        ]
 [-0.23073878 -0.26840242  0.23073878 -0.73159758  0.          1.        ]]

elemento 72, fe =2.086866e+07
[[ 0.71139389  0.2567076  -0.53639389 -0.01974674 -0.175      -0.23696086]
 [ 0.2567076   0.46836286  0.01974674  0.03163714 -0.27645434 -0.5       ]
 [-0.53639389  0.01974674  0.71139389 -0.2567076  -0.175       0.23696086]
 [-0.01974674  0.03163714 -0.2567076   0.46836286  0.27645434 -0.5       ]
 [-0.175      -0.27645434 -0.175       0.27645434  0.35        0.        ]
 [-0.23696086 -0.5         0.23696086 -0.5         0.          1.        ]]

elemento 73, fe =2.086865e+07
[[ 0.71139402  0.25670763 -0.53639402 -0.01974674 -0.175      -0.23696089]
 [ 0.25670763  0.46836291  0.01974674  0.03163709 -0.27645437 -0.5       ]
 [-0.53639402  0.01974674  0.71139402 -0.25670763 -0.175       0.23696089]
 [-0.01974674  0.03163709 -0.25670763  0.46836291  0.27645437 -0.5       ]
 [-0.175      -0.27645437 -0.175       0.27645437  0.35        0.        ]
 [-0.23696089 -0.5         0.23696089 -0.5         0.          1.        ]]

elemento 74, fe =2.758288e+07
[[ 0.59530995  0.0927484  -0.06736334  0.16081035 -0.52794661 -0.25355874]
 [ 0.0927484   0.23899918  0.19069033  0.09864755 -0.28343872 -0.33764674]
 [-0.06736334  0.19069033  0.21758696 -0.07367439 -0.15022363 -0.11701593]
 [ 0.16081035  0.09864755 -0.07367439  0.56370571 -0.08713595 -0.66235326]
 [-0.52794661 -0.28343872 -0.15022363 -0.08713595  0.67817024  0.37057468]
 [-0.25355874 -0.33764674 -0.11701593 -0.66235326  0.37057468  1.        ]]

elemento 75, fe =2.291903e+07
[[ 0.37417619 -0.16658219  0.06529602 -0.18399172 -0.43947221  0.35057391]
 [-0.16658219  0.87482328 -0.14803139 -0.27959286  0.31461358 -0.59523042]
 [ 0.06529602 -0.14803139  0.49523177  0.16253574 -0.56052779 -0.01450435]
 [-0.18399172 -0.27959286  0.16253574  0.29630274  0.02145598 -0.01670988]
 [-0.43947221  0.31461358 -0.56052779  0.02145598  1.         -0.33606956]
 [ 0.35057391 -0.59523042 -0.01450435 -0.01670988 -0.33606956  0.6119403 ]]

elemento 76, fe =2.143842e+07
[[ 0.36657339 -0.08903386 -0.06377696 -0.22786707 -0.30279642  0.31690093]
 [-0.08903386  1.         -0.1894232  -0.42608859  0.27845706 -0.57391141]
 [-0.06377696 -0.1894232   0.57554061  0.21238888 -0.51176364 -0.02296568]
 [-0.22786707 -0.42608859  0.21238888  0.38846185  0.01547819  0.03762673]
 [-0.30279642  0.27845706 -0.51176364  0.01547819  0.81456006 -0.29393525]
 [ 0.31690093 -0.57391141 -0.02296568  0.03762673 -0.29393525  0.53628468]]

elemento 77, fe =2.133858e+07
[[ 1.00000000e+00 -1.59301220e-01 -5.86842613e-01  3.14440021e-01
  -4.13157387e-01 -1.55138802e-01]
 [-1.59301220e-01  4.03863008e-01  3.53063770e-01 -4.03129900e-01
  -1.93762550e-01 -7.33108328e-04]
 [-5.86842613e-01  3.53063770e-01  5.53235406e-01 -3.03588594e-01
   3.36072071e-02 -4.94751758e-02]
 [ 3.14440021e-01 -4.03129900e-01 -3.03588594e-01  9.19531777e-01
  -1.08514272e-02 -5.16401878e-01]
 [-4.13157387e-01 -1.93762550e-01  3.36072071e-02 -1.08514272e-02
   3.79550180e-01  2.04613978e-01]
 [-1.55138802e-01 -7.33108328e-04 -4.94751758e-02 -5.16401878e-01
   2.04613978e-01  5.17134986e-01]]

elemento 78, fe =1.855506e+07
[[ 0.82684203  0.11495703 -0.69919125  0.15989818 -0.12765078 -0.27485522]
 [ 0.11495703  0.3231387   0.20431603 -0.10651356 -0.31927306 -0.21662514]
 [-0.69919125  0.20431603  0.92530451 -0.43663195 -0.22611326  0.23231593]
 [ 0.15989818 -0.10651356 -0.43663195  0.88988842  0.27673377 -0.78337486]
 [-0.12765078 -0.31927306 -0.22611326  0.27673377  0.35376403  0.04253929]
 [-0.27485522 -0.21662514  0.23231593 -0.78337486  0.04253929  1.        ]]

elemento 79, fe =2.166344e+07
[[ 0.83049297 -0.39189236 -0.03811766  0.12558047 -0.7923753   0.26631189]
 [-0.39189236  0.79870579  0.16362503 -0.52137444  0.22826733 -0.27733136]
 [-0.03811766  0.16362503  0.24574236  0.10268686 -0.2076247  -0.26631189]
 [ 0.12558047 -0.52137444  0.10268686  0.59404308 -0.22826733 -0.07266864]
 [-0.7923753   0.22826733 -0.2076247  -0.22826733  1.          0.        ]
 [ 0.26631189 -0.27733136 -0.26631189 -0.07266864  0.          0.35      ]]

elemento 80, fe =2.351464e+07
[[ 0.33682196  0.18075883 -0.406001   -0.18672361  0.06917903  0.00596478]
 [ 0.18075883  0.44988727 -0.15167414 -0.03442812 -0.02908469 -0.41545915]
 [-0.406001   -0.15167414  1.         -0.12875942 -0.593999    0.28043357]
 [-0.18672361 -0.03442812 -0.12875942  0.38491965  0.31548304 -0.35049153]
 [ 0.06917903 -0.02908469 -0.593999    0.31548304  0.52481997 -0.28639835]
 [ 0.00596478 -0.41545915  0.28043357 -0.35049153 -0.28639835  0.76595067]]

elemento 81, fe =2.022223e+07
[[ 0.86059976 -0.28265247 -0.28441861  0.28538961 -0.57618115 -0.00273715]
 [-0.28265247  0.51525089  0.32614554 -0.53169962 -0.04349308  0.01644873]
 [-0.28441861  0.32614554  0.36421152 -0.08248514 -0.07979291 -0.2436604 ]
 [ 0.28538961 -0.53169962 -0.08248514  1.         -0.20290447 -0.46830038]
 [-0.57618115 -0.04349308 -0.07979291 -0.20290447  0.65597407  0.24639755]
 [-0.00273715  0.01644873 -0.2436604  -0.46830038  0.24639755  0.45185165]]

elemento 82, fe =2.086865e+07
[[ 0.71139418  0.25670766 -0.53639418 -0.01974674 -0.175      -0.23696092]
 [ 0.25670766  0.46836296  0.01974674  0.03163704 -0.2764544  -0.5       ]
 [-0.53639418  0.01974674  0.71139418 -0.25670766 -0.175       0.23696092]
